[double3(20.911900000000,0.000000000000,0.000000000000),double3(0.000000000000,16.529900000000,0.000000000000),double3(-0.984370508725,0.000000000000,6.879531587365)]

double3(0.250000000000,0.258050000000,0.062500000000),
double3(0.111000000000,0.122000000000,0.040000000000),
double3(0.139000000000,0.141000000000,0.040000000000),
double3(0.155500000000,0.144000000000,0.000000000000),
double3(0.181000000000,0.172500000000,0.000000000000),
double3(0.189000000000,0.201500000000,0.032500000000),
double3(0.203500000000,0.172000000000,0.220000000000),
double3(0.153000000000,0.162000000000,0.080000000000),
double3(0.216000000000,0.220000000000,0.027500000000),
double3(0.224000000000,0.202000000000,0.230000000000),
double3(0.101282000000,0.119704000000,0.073816750000),
double3(0.174417500000,0.209245500000,0.060603250000),
double3(0.204623000000,0.149281500000,0.192967750000),
double3(0.250000000000,0.258050000000,0.312500000000),
double3(0.111000000000,0.122000000000,0.290000000000),
double3(0.139000000000,0.141000000000,0.290000000000),
double3(0.155500000000,0.144000000000,0.250000000000),
double3(0.181000000000,0.172500000000,0.250000000000),
double3(0.189000000000,0.201500000000,0.282500000000),
double3(0.203500000000,0.172000000000,0.470000000000),
double3(0.153000000000,0.162000000000,0.330000000000),
double3(0.216000000000,0.220000000000,0.277500000000),
double3(0.224000000000,0.202000000000,0.480000000000),
double3(0.101282000000,0.119704000000,0.323816750000),
double3(0.174417500000,0.209245500000,0.310603250000),
double3(0.204623000000,0.149281500000,0.442967750000),
double3(0.250000000000,0.258050000000,0.562500000000),
double3(0.111000000000,0.122000000000,0.540000000000),
double3(0.139000000000,0.141000000000,0.540000000000),
double3(0.155500000000,0.144000000000,0.500000000000),
double3(0.181000000000,0.172500000000,0.500000000000),
double3(0.189000000000,0.201500000000,0.532500000000),
double3(0.203500000000,0.172000000000,0.720000000000),
double3(0.153000000000,0.162000000000,0.580000000000),
double3(0.216000000000,0.220000000000,0.527500000000),
double3(0.224000000000,0.202000000000,0.730000000000),
double3(0.101282000000,0.119704000000,0.573816750000),
double3(0.174417500000,0.209245500000,0.560603250000),
double3(0.204623000000,0.149281500000,0.692967750000),
double3(0.250000000000,0.258050000000,0.812500000000),
double3(0.111000000000,0.122000000000,0.790000000000),
double3(0.139000000000,0.141000000000,0.790000000000),
double3(0.155500000000,0.144000000000,0.750000000000),
double3(0.181000000000,0.172500000000,0.750000000000),
double3(0.189000000000,0.201500000000,0.782500000000),
double3(0.203500000000,0.172000000000,0.970000000000),
double3(0.153000000000,0.162000000000,0.830000000000),
double3(0.216000000000,0.220000000000,0.777500000000),
double3(0.224000000000,0.202000000000,0.980000000000),
double3(0.101282000000,0.119704000000,0.823816750000),
double3(0.174417500000,0.209245500000,0.810603250000),
double3(0.204623000000,0.149281500000,0.942967750000),
double3(0.250000000000,0.758050000000,0.062500000000),
double3(0.111000000000,0.622000000000,0.040000000000),
double3(0.139000000000,0.641000000000,0.040000000000),
double3(0.155500000000,0.644000000000,0.000000000000),
double3(0.181000000000,0.672500000000,0.000000000000),
double3(0.189000000000,0.701500000000,0.032500000000),
double3(0.203500000000,0.672000000000,0.220000000000),
double3(0.153000000000,0.662000000000,0.080000000000),
double3(0.216000000000,0.720000000000,0.027500000000),
double3(0.224000000000,0.702000000000,0.230000000000),
double3(0.101282000000,0.619704000000,0.073816750000),
double3(0.174417500000,0.709245500000,0.060603250000),
double3(0.204623000000,0.649281500000,0.192967750000),
double3(0.250000000000,0.758050000000,0.312500000000),
double3(0.111000000000,0.622000000000,0.290000000000),
double3(0.139000000000,0.641000000000,0.290000000000),
double3(0.155500000000,0.644000000000,0.250000000000),
double3(0.181000000000,0.672500000000,0.250000000000),
double3(0.189000000000,0.701500000000,0.282500000000),
double3(0.203500000000,0.672000000000,0.470000000000),
double3(0.153000000000,0.662000000000,0.330000000000),
double3(0.216000000000,0.720000000000,0.277500000000),
double3(0.224000000000,0.702000000000,0.480000000000),
double3(0.101282000000,0.619704000000,0.323816750000),
double3(0.174417500000,0.709245500000,0.310603250000),
double3(0.204623000000,0.649281500000,0.442967750000),
double3(0.250000000000,0.758050000000,0.562500000000),
double3(0.111000000000,0.622000000000,0.540000000000),
double3(0.139000000000,0.641000000000,0.540000000000),
double3(0.155500000000,0.644000000000,0.500000000000),
double3(0.181000000000,0.672500000000,0.500000000000),
double3(0.189000000000,0.701500000000,0.532500000000),
double3(0.203500000000,0.672000000000,0.720000000000),
double3(0.153000000000,0.662000000000,0.580000000000),
double3(0.216000000000,0.720000000000,0.527500000000),
double3(0.224000000000,0.702000000000,0.730000000000),
double3(0.101282000000,0.619704000000,0.573816750000),
double3(0.174417500000,0.709245500000,0.560603250000),
double3(0.204623000000,0.649281500000,0.692967750000),
double3(0.250000000000,0.758050000000,0.812500000000),
double3(0.111000000000,0.622000000000,0.790000000000),
double3(0.139000000000,0.641000000000,0.790000000000),
double3(0.155500000000,0.644000000000,0.750000000000),
double3(0.181000000000,0.672500000000,0.750000000000),
double3(0.189000000000,0.701500000000,0.782500000000),
double3(0.203500000000,0.672000000000,0.970000000000),
double3(0.153000000000,0.662000000000,0.830000000000),
double3(0.216000000000,0.720000000000,0.777500000000),
double3(0.224000000000,0.702000000000,0.980000000000),
double3(0.101282000000,0.619704000000,0.823816750000),
double3(0.174417500000,0.709245500000,0.810603250000),
double3(0.204623000000,0.649281500000,0.942967750000),
double3(0.750000000000,0.258050000000,0.062500000000),
double3(0.611000000000,0.122000000000,0.040000000000),
double3(0.639000000000,0.141000000000,0.040000000000),
double3(0.655500000000,0.144000000000,0.000000000000),
double3(0.681000000000,0.172500000000,0.000000000000),
double3(0.689000000000,0.201500000000,0.032500000000),
double3(0.703500000000,0.172000000000,0.220000000000),
double3(0.653000000000,0.162000000000,0.080000000000),
double3(0.716000000000,0.220000000000,0.027500000000),
double3(0.724000000000,0.202000000000,0.230000000000),
double3(0.601282000000,0.119704000000,0.073816750000),
double3(0.674417500000,0.209245500000,0.060603250000),
double3(0.704623000000,0.149281500000,0.192967750000),
double3(0.750000000000,0.258050000000,0.312500000000),
double3(0.611000000000,0.122000000000,0.290000000000),
double3(0.639000000000,0.141000000000,0.290000000000),
double3(0.655500000000,0.144000000000,0.250000000000),
double3(0.681000000000,0.172500000000,0.250000000000),
double3(0.689000000000,0.201500000000,0.282500000000),
double3(0.703500000000,0.172000000000,0.470000000000),
double3(0.653000000000,0.162000000000,0.330000000000),
double3(0.716000000000,0.220000000000,0.277500000000),
double3(0.724000000000,0.202000000000,0.480000000000),
double3(0.601282000000,0.119704000000,0.323816750000),
double3(0.674417500000,0.209245500000,0.310603250000),
double3(0.704623000000,0.149281500000,0.442967750000),
double3(0.750000000000,0.258050000000,0.562500000000),
double3(0.611000000000,0.122000000000,0.540000000000),
double3(0.639000000000,0.141000000000,0.540000000000),
double3(0.655500000000,0.144000000000,0.500000000000),
double3(0.681000000000,0.172500000000,0.500000000000),
double3(0.689000000000,0.201500000000,0.532500000000),
double3(0.703500000000,0.172000000000,0.720000000000),
double3(0.653000000000,0.162000000000,0.580000000000),
double3(0.716000000000,0.220000000000,0.527500000000),
double3(0.724000000000,0.202000000000,0.730000000000),
double3(0.601282000000,0.119704000000,0.573816750000),
double3(0.674417500000,0.209245500000,0.560603250000),
double3(0.704623000000,0.149281500000,0.692967750000),
double3(0.750000000000,0.258050000000,0.812500000000),
double3(0.611000000000,0.122000000000,0.790000000000),
double3(0.639000000000,0.141000000000,0.790000000000),
double3(0.655500000000,0.144000000000,0.750000000000),
double3(0.681000000000,0.172500000000,0.750000000000),
double3(0.689000000000,0.201500000000,0.782500000000),
double3(0.703500000000,0.172000000000,0.970000000000),
double3(0.653000000000,0.162000000000,0.830000000000),
double3(0.716000000000,0.220000000000,0.777500000000),
double3(0.724000000000,0.202000000000,0.980000000000),
double3(0.601282000000,0.119704000000,0.823816750000),
double3(0.674417500000,0.209245500000,0.810603250000),
double3(0.704623000000,0.149281500000,0.942967750000),
double3(0.750000000000,0.758050000000,0.062500000000),
double3(0.611000000000,0.622000000000,0.040000000000),
double3(0.639000000000,0.641000000000,0.040000000000),
double3(0.655500000000,0.644000000000,0.000000000000),
double3(0.681000000000,0.672500000000,0.000000000000),
double3(0.689000000000,0.701500000000,0.032500000000),
double3(0.703500000000,0.672000000000,0.220000000000),
double3(0.653000000000,0.662000000000,0.080000000000),
double3(0.716000000000,0.720000000000,0.027500000000),
double3(0.724000000000,0.702000000000,0.230000000000),
double3(0.601282000000,0.619704000000,0.073816750000),
double3(0.674417500000,0.709245500000,0.060603250000),
double3(0.704623000000,0.649281500000,0.192967750000),
double3(0.750000000000,0.758050000000,0.312500000000),
double3(0.611000000000,0.622000000000,0.290000000000),
double3(0.639000000000,0.641000000000,0.290000000000),
double3(0.655500000000,0.644000000000,0.250000000000),
double3(0.681000000000,0.672500000000,0.250000000000),
double3(0.689000000000,0.701500000000,0.282500000000),
double3(0.703500000000,0.672000000000,0.470000000000),
double3(0.653000000000,0.662000000000,0.330000000000),
double3(0.716000000000,0.720000000000,0.277500000000),
double3(0.724000000000,0.702000000000,0.480000000000),
double3(0.601282000000,0.619704000000,0.323816750000),
double3(0.674417500000,0.709245500000,0.310603250000),
double3(0.704623000000,0.649281500000,0.442967750000),
double3(0.750000000000,0.758050000000,0.562500000000),
double3(0.611000000000,0.622000000000,0.540000000000),
double3(0.639000000000,0.641000000000,0.540000000000),
double3(0.655500000000,0.644000000000,0.500000000000),
double3(0.681000000000,0.672500000000,0.500000000000),
double3(0.689000000000,0.701500000000,0.532500000000),
double3(0.703500000000,0.672000000000,0.720000000000),
double3(0.653000000000,0.662000000000,0.580000000000),
double3(0.716000000000,0.720000000000,0.527500000000),
double3(0.724000000000,0.702000000000,0.730000000000),
double3(0.601282000000,0.619704000000,0.573816750000),
double3(0.674417500000,0.709245500000,0.560603250000),
double3(0.704623000000,0.649281500000,0.692967750000),
double3(0.750000000000,0.758050000000,0.812500000000),
double3(0.611000000000,0.622000000000,0.790000000000),
double3(0.639000000000,0.641000000000,0.790000000000),
double3(0.655500000000,0.644000000000,0.750000000000),
double3(0.681000000000,0.672500000000,0.750000000000),
double3(0.689000000000,0.701500000000,0.782500000000),
double3(0.703500000000,0.672000000000,0.970000000000),
double3(0.653000000000,0.662000000000,0.830000000000),
double3(0.716000000000,0.720000000000,0.777500000000),
double3(0.724000000000,0.702000000000,0.980000000000),
double3(0.601282000000,0.619704000000,0.823816750000),
double3(0.674417500000,0.709245500000,0.810603250000),
double3(0.704623000000,0.649281500000,0.942967750000),
