$hessian                                                                        
        0.2914755496   0.2748607217  -0.0607412341  -0.2490973799  -0.2362373126
        0.0521531978   0.0223657658   0.0149234972  -0.0032929768  -0.0543337142
       -0.0497243096   0.0110137907   0.0069334241  -0.0024833611   0.0005492393
       -0.0025073490  -0.0052406191   0.0011302892  -0.0040861196   0.0014533103
       -0.0003217190  -0.0099841052   0.0010931790  -0.0001737822   0.0001011193
       -0.0001168953   0.0000295897  -0.0005267425   0.0004243289  -0.0000997886
       -0.0003404484   0.0010474607  -0.0002466060
        0.2748607217   0.4979351134  -0.1040922330  -0.1981740658  -0.4057257353
        0.0745836308  -0.0418498872  -0.0799460537   0.0224301919  -0.0364728232
       -0.0164134266   0.0072202423   0.0076548159   0.0006604072   0.0003001538
       -0.0052007033  -0.0060188946   0.0011189325  -0.0020897797   0.0047248466
       -0.0011984195  -0.0004051105   0.0037696177   0.0001253049   0.0001063591
       -0.0001225037  -0.0000277078   0.0001914849   0.0005107016  -0.0002883803
        0.0013789880   0.0006259274  -0.0001717154
       -0.0607412341  -0.1040922330   0.0481003561   0.0437880129   0.0746272891
       -0.0838612601   0.0091658556   0.0223297753   0.0174936355   0.0081064226
        0.0072505415   0.0147384391  -0.0016823817   0.0003037231   0.0019100502
        0.0011440692   0.0011611430  -0.0010500612   0.0004444079  -0.0011924325
       -0.0004169619   0.0001542345   0.0000890885   0.0040536269  -0.0000296955
       -0.0000324721  -0.0002747526  -0.0000492891  -0.0002891342  -0.0007182280
       -0.0003004023  -0.0001552888   0.0000251561
       -0.2490973799  -0.1981740658   0.0437880129   0.6124312897   0.0759537848
       -0.0175061263  -0.1531172571   0.1165952227  -0.0253538125  -0.1558212336
        0.0034735778  -0.0005502228  -0.0405839832   0.0129094497  -0.0027794086
        0.0145016760   0.0205383805  -0.0045134046   0.0129127842  -0.0181419985
        0.0039617508  -0.0431789844  -0.0116322137   0.0025973179  -0.0000568317
        0.0001970548  -0.0000540889  -0.0009810759   0.0001671480  -0.0000000010
        0.0029909960  -0.0018863403   0.0004099830
       -0.2362373126  -0.4057257353   0.0746272891   0.0759537848   0.9222086271
       -0.1576892678   0.1584098444  -0.4435386120   0.0820737890   0.0096235510
       -0.0489284825  -0.0034065464   0.0260242818  -0.0065196895  -0.0014862381
        0.0048387580  -0.0075439047   0.0036100038  -0.0091061801  -0.0028192446
        0.0017280359  -0.0236314194  -0.0064034181  -0.0005452810   0.0013530713
        0.0001805939   0.0003616896  -0.0012040153   0.0001417987   0.0003994334
       -0.0060243640  -0.0010519331   0.0003270925
        0.0521531978   0.0745836308  -0.0838612601  -0.0175061263  -0.1576892678
        0.2382712892  -0.0345364646   0.0821622462  -0.0856192321  -0.0019093917
       -0.0034479263  -0.0638966210  -0.0056111647  -0.0014075439  -0.0125194446
       -0.0010930285   0.0034785475   0.0078115810   0.0020068409   0.0017045237
        0.0044485960   0.0052086083  -0.0004646733  -0.0084837751  -0.0002921905
        0.0003751793   0.0017995574   0.0002696917   0.0004129859   0.0019223312
        0.0013100276   0.0002922977   0.0001269782
        0.0223657658  -0.0418498872   0.0091658556  -0.1531172571   0.1584098444
       -0.0345364646   0.1844533551  -0.1792276748   0.0389282045  -0.0400138076
        0.0551327559  -0.0119417931  -0.0078043158  -0.0012629399   0.0002989488
       -0.0046135989  -0.0001324993   0.0000531543  -0.0007561681   0.0041010039
       -0.0008918952   0.0000302494   0.0042994043  -0.0009544640  -0.0008786806
       -0.0002359824   0.0000538143   0.0001727438   0.0000292992  -0.0000156052
        0.0001617139   0.0007366758  -0.0001597553
        0.0149234972  -0.0799460537   0.0223297753   0.1165952227  -0.4435386120
        0.0821622462  -0.1792276748   0.5552154524  -0.1157017300   0.0440803384
       -0.0399532018   0.0125772909  -0.0018128883   0.0065705714  -0.0004501787
        0.0060649438   0.0070733524  -0.0019283666   0.0069788098  -0.0085388393
        0.0017862297  -0.0118673642   0.0026413931  -0.0001732288   0.0003346102
        0.0006482709  -0.0003061897  -0.0004382979  -0.0000357845  -0.0000262051
        0.0043688030  -0.0001365489  -0.0002696432
       -0.0032929768   0.0224301919   0.0174936355  -0.0253538125   0.0820737890
       -0.0856192321   0.0389282045  -0.1157017300   0.0505287942  -0.0095202446
        0.0125966330   0.0153203528   0.0003948985  -0.0004821769   0.0045344896
       -0.0012991402  -0.0018608328  -0.0010116616  -0.0015381457   0.0018182519
       -0.0006494542   0.0026024380  -0.0002663863   0.0015232415  -0.0000667892
       -0.0003107781  -0.0006799260   0.0001014986  -0.0000403043  -0.0002211458
       -0.0009559307  -0.0002566575  -0.0012190939
       -0.0543337142  -0.0364728232   0.0081064226  -0.1558212336   0.0096235510
       -0.0019093917  -0.0400138076   0.0440803384  -0.0095202446   0.6957932326
       -0.0571872027   0.0113403103  -0.1252707497   0.1223988149  -0.0266392108
       -0.1057860824  -0.0075691398   0.0018850947  -0.0869225203   0.0151757969
       -0.0031304426  -0.1233728242  -0.0989500216   0.0218319096  -0.0072407286
       -0.0027445469   0.0006171231  -0.0044504341   0.0031365107  -0.0006608141
        0.0074188619   0.0085087223  -0.0019207566
       -0.0497243096  -0.0164134266   0.0072505415   0.0034735778  -0.0489284825
       -0.0034479263   0.0551327559  -0.0399532018   0.0125966330  -0.0571872027
        0.6216670636  -0.1093785995   0.1292517329  -0.3008153546   0.0520856215
        0.0555939727   0.0130055415  -0.0014988121  -0.0328138351  -0.0095556519
        0.0036110645  -0.0979109587  -0.1974815425   0.0325477906  -0.0003447573
       -0.0004771281   0.0016042088   0.0011578310  -0.0030580566   0.0017968895
       -0.0066288069  -0.0179897605   0.0028325885
        0.0110137907   0.0072202423   0.0147384391  -0.0005502228  -0.0034065464
       -0.0638966210  -0.0119417931   0.0125772909   0.0153203528   0.0113403103
       -0.1093785995   0.1451818449  -0.0281516221   0.0521046056  -0.0729442039
       -0.0119471087  -0.0013969260   0.0068870977   0.0074342347   0.0035074491
        0.0059247583   0.0215005112   0.0325541673  -0.0568043637   0.0001068720
        0.0016182231   0.0065323644  -0.0002335730   0.0017984359   0.0047918337
        0.0014286008   0.0028016575  -0.0057315021
        0.0069334241   0.0076548159  -0.0016823817  -0.0405839832   0.0260242818
       -0.0056111647  -0.0078043158  -0.0018128883   0.0003948985  -0.1252707497
        0.1292517329  -0.0281516221   0.5374921224  -0.0223390690   0.0039316781
       -0.3027325892  -0.0601929172   0.0136851776  -0.0145654006  -0.1070951597
        0.0234912569  -0.0315993763   0.0387497794  -0.0083767440  -0.0219782861
       -0.0043585450   0.0009999440   0.0000347810  -0.0060944967   0.0013337584
        0.0000743734   0.0002124660  -0.0000148009
       -0.0024833611   0.0006604072   0.0003037231   0.0129094497  -0.0065196895
       -0.0014075439  -0.0012629399   0.0065705714  -0.0004821769   0.1223988149
       -0.3008153546   0.0521046056  -0.0223390690   0.5641841734  -0.1033181041
       -0.0843258590  -0.1189178166   0.0127547692  -0.0252923118  -0.0325401202
        0.0107762553  -0.0117008821  -0.1080986512   0.0269280559   0.0191186566
        0.0064353895  -0.0027056030   0.0028387937  -0.0054610381   0.0026384466
       -0.0098612920  -0.0054978714   0.0024075720
        0.0005492393   0.0003001538   0.0019100502  -0.0027794086  -0.0014862381
       -0.0125194446   0.0002989488  -0.0004501787   0.0045344896  -0.0266392108
        0.0520856215  -0.0729442039   0.0039316781  -0.1033181041   0.1144190681
        0.0189770899   0.0127314653  -0.0641593916   0.0055899201   0.0109474390
        0.0140258873   0.0026570751   0.0267872190   0.0088993384  -0.0041485644
       -0.0026494440  -0.0051180104  -0.0006056808   0.0026411383   0.0059780729
        0.0021689133   0.0024109280   0.0049741438
       -0.0025073490  -0.0052007033   0.0011440692   0.0145016760   0.0048387580
       -0.0010930285  -0.0046135989   0.0060649438  -0.0012991402  -0.1057860824
        0.0555939727  -0.0119471087  -0.3027325892  -0.0843258590   0.0189770899
        0.6822552087  -0.1419045562   0.0298878478  -0.0803996035   0.0283302381
       -0.0061297725  -0.0015066633   0.0152626222  -0.0033486544  -0.1934110423
        0.1391618256  -0.0301137919   0.0006602830  -0.0171251933   0.0037374723
       -0.0064602390  -0.0006960486   0.0001850170
       -0.0052406191  -0.0060188946   0.0011611430   0.0205383805  -0.0075439047
        0.0034785475  -0.0001324993   0.0070733524  -0.0018608328  -0.0075691398
        0.0130055415  -0.0013969260  -0.0601929172  -0.1189178166   0.0127314653
       -0.1419045562   0.6642463648  -0.1185652519  -0.0278544718  -0.3251392368
        0.0596835626   0.0823087469  -0.0543211755   0.0133138910   0.1371038908
       -0.1646424586   0.0295199999   0.0003031441  -0.0075936047   0.0009434142
        0.0026400411  -0.0001481673   0.0009909871
        0.0011302892   0.0011189325  -0.0010500612  -0.0045134046   0.0036100038
        0.0078115810   0.0000531543  -0.0019283666  -0.0010116616   0.0018850947
       -0.0014988121   0.0068870977   0.0136851776   0.0127547692  -0.0641593916
        0.0298878478  -0.1185652519   0.1470055862   0.0061027982   0.0595880024
       -0.0657343683  -0.0179475076   0.0134372863   0.0044175726  -0.0296549199
        0.0295089272  -0.0348508202  -0.0000718335   0.0009779550  -0.0034973151
       -0.0005566962   0.0009965544   0.0041817806
       -0.0040861196  -0.0020897797   0.0004444079   0.0129127842  -0.0091061801
        0.0020068409  -0.0007561681   0.0069788098  -0.0015381457  -0.0869225203
       -0.0328138351   0.0074342347  -0.0145654006  -0.0252923118   0.0055899201
       -0.0803996035  -0.0278544718   0.0061027982   0.7067054848   0.1310246374
       -0.0299102739  -0.3185488709   0.0778113797  -0.0164263337   0.0010890351
        0.0185696483  -0.0040767433  -0.2100531491  -0.1395963547   0.0309612380
       -0.0053754720   0.0023684581  -0.0005879432
        0.0014533103   0.0047248466  -0.0011924325  -0.0181419985  -0.0028192446
        0.0017045237   0.0041010039  -0.0085388393   0.0018182519   0.0151757969
       -0.0095556519   0.0035074491  -0.1070951597  -0.0325401202   0.0109474390
        0.0283302381  -0.3251392368   0.0595880024   0.1310246374   0.6473333932
       -0.1184696314   0.0571078958  -0.1060378389   0.0127844136  -0.0008141841
       -0.0134539093   0.0021100459  -0.1347599457  -0.1485231425   0.0272645364
        0.0236184056  -0.0054502564  -0.0000625982
       -0.0003217190  -0.0011984195  -0.0004169619   0.0039617508   0.0017280359
        0.0044485960  -0.0008918952   0.0017862297  -0.0006494542  -0.0031304426
        0.0036110645   0.0059247583   0.0234912569   0.0107762553   0.0140258873
       -0.0061297725   0.0596835626  -0.0657343683  -0.0299102739  -0.1184696314
        0.1332171887  -0.0119355337   0.0127714752  -0.0497658786   0.0001656942
        0.0020735806  -0.0042567821   0.0298693718   0.0272823529  -0.0311968106
       -0.0051684367  -0.0000445059  -0.0055961747
       -0.0099841052  -0.0004051105   0.0001542345  -0.0431789844  -0.0236314194
        0.0052086083   0.0000302494  -0.0118673642   0.0026024380  -0.1233728242
       -0.0979109587   0.0215005112  -0.0315993763  -0.0117008821   0.0026570751
       -0.0015066633   0.0823087469  -0.0179475076  -0.3185488709   0.0571078958
       -0.0119355337   0.6348134602  -0.1119275515   0.0233152874   0.0004941312
        0.0012193415  -0.0002355123  -0.0239303535   0.0089765285  -0.0019622354
       -0.0832166630   0.1078307737  -0.0233573654
        0.0010931790   0.0037696177   0.0000890885  -0.0116322137  -0.0064034181
       -0.0004646733   0.0042994043   0.0026413931  -0.0002663863  -0.0989500216
       -0.1974815425   0.0325541673   0.0387497794  -0.1080986512   0.0267872190
        0.0152626222  -0.0543211755   0.0134372863   0.0778113797  -0.1060378389
        0.0127714752  -0.1119275515   0.7965278909  -0.1544076477  -0.0032555406
       -0.0050601240   0.0024705137  -0.0177356889   0.0069123095  -0.0022346606
        0.1062846517  -0.3324484611   0.0692636179
       -0.0001737822   0.0001253049   0.0040536269   0.0025973179  -0.0005452810
       -0.0084837751  -0.0009544640  -0.0001732288   0.0015232415   0.0218319096
        0.0325477906  -0.0568043637  -0.0083767440   0.0269280559   0.0088993384
       -0.0033486544   0.0133138910   0.0044175726  -0.0164263337   0.0127844136
       -0.0497658786   0.0233152874  -0.1544076477   0.1235244759   0.0007251966
        0.0024528281   0.0056049684   0.0039227587  -0.0022931706  -0.0029982322
       -0.0231124920   0.0692670441  -0.0299709741
        0.0001011193   0.0001063591  -0.0000296955  -0.0000568317   0.0013530713
       -0.0002921905  -0.0008786806   0.0003346102  -0.0000667892  -0.0072407286
       -0.0003447573   0.0001068720  -0.0219782861   0.0191186566  -0.0041485644
       -0.1934110423   0.1371038908  -0.0296549199   0.0010890351  -0.0008141841
        0.0001656942   0.0004941312  -0.0032555406   0.0007251966   0.2214699377
       -0.1530377191   0.0330738194   0.0001517582  -0.0002668993   0.0000577609
        0.0002595879  -0.0002974877   0.0000628164
       -0.0001168953  -0.0001225037  -0.0000324721   0.0001970548   0.0001805939
        0.0003751793  -0.0002359824   0.0006482709  -0.0003107781  -0.0027445469
       -0.0004771281   0.0016182231  -0.0043585450   0.0064353895  -0.0026494440
        0.1391618256  -0.1646424586   0.0295089272   0.0185696483  -0.0134539093
        0.0020735806   0.0012193415  -0.0050601240   0.0024528281  -0.1530377191
        0.1765557947  -0.0333034916   0.0002898633  -0.0001317656   0.0000350661
        0.0010559553   0.0000678402   0.0002323813
        0.0000295897  -0.0000277078  -0.0002747526  -0.0000540889   0.0003616896
        0.0017995574   0.0000538143  -0.0003061897  -0.0006799260   0.0006171231
        0.0016042088   0.0065323644   0.0009999440  -0.0027056030  -0.0051180104
       -0.0301137919   0.0295199999  -0.0348508202  -0.0040767433   0.0021100459
       -0.0042567821  -0.0002355123   0.0024705137   0.0056049684   0.0330738194
       -0.0333034916   0.0301312329  -0.0000620015   0.0000358239   0.0000110712
       -0.0002321526   0.0002407104   0.0011010972
       -0.0005267425   0.0001914849  -0.0000492891  -0.0009810759  -0.0012040153
        0.0002696917   0.0001727438  -0.0004382979   0.0001014986  -0.0044504341
        0.0011578310  -0.0002335730   0.0000347810   0.0028387937  -0.0006056808
        0.0006602830   0.0003031441  -0.0000718335  -0.2100531491  -0.1347599457
        0.0298693718  -0.0239303535  -0.0177356889   0.0039227587   0.0001517582
        0.0002898633  -0.0000620015   0.2389616136   0.1500777901  -0.0332968362
       -0.0000394246  -0.0007209594   0.0001558932
        0.0004243289   0.0005107016  -0.0002891342   0.0001671480   0.0001417987
        0.0004129859   0.0000292992  -0.0000357845  -0.0000403043   0.0031365107
       -0.0030580566   0.0017984359  -0.0060944967  -0.0054610381   0.0026411383
       -0.0171251933  -0.0075936047   0.0009779550  -0.1395963547  -0.1485231425
        0.0272823529   0.0089765285   0.0069123095  -0.0022931706  -0.0002668993
       -0.0001317656   0.0000358239   0.1500777901   0.1567959952  -0.0302838956
        0.0002713389   0.0004425869  -0.0002421871
       -0.0000997886  -0.0002883803  -0.0007182280  -0.0000000010   0.0003994334
        0.0019223312  -0.0000156052  -0.0000262051  -0.0002211458  -0.0006608141
        0.0017968895   0.0047918337   0.0013337584   0.0026384466   0.0059780729
        0.0037374723   0.0009434142  -0.0034973151   0.0309612380   0.0272645364
       -0.0311968106  -0.0019622354  -0.0022346606  -0.0029982322   0.0000577609
        0.0000350661   0.0000110712  -0.0332968362  -0.0302838956   0.0265253856
       -0.0000549491  -0.0002446446  -0.0005969628
       -0.0003404484   0.0013789880  -0.0003004023   0.0029909960  -0.0060243640
        0.0013100276   0.0001617139   0.0043688030  -0.0009559307   0.0074188619
       -0.0066288069   0.0014286008   0.0000743734  -0.0098612920   0.0021689133
       -0.0064602390   0.0026400411  -0.0005566962  -0.0053754720   0.0236184056
       -0.0051684367  -0.0832166630   0.1062846517  -0.0231124920   0.0002595879
        0.0010559553  -0.0002321526  -0.0000394246   0.0002713389  -0.0000549491
        0.0845267140  -0.1171037207   0.0254735178
        0.0010474607   0.0006259274  -0.0001552888  -0.0018863403  -0.0010519331
        0.0002922977   0.0007366758  -0.0001365489  -0.0002566575   0.0085087223
       -0.0179897605   0.0028016575   0.0002124660  -0.0054978714   0.0024109280
       -0.0006960486  -0.0001481673   0.0009965544   0.0023684581  -0.0054502564
       -0.0000445059   0.1078307737  -0.3324484611   0.0692670441  -0.0002974877
        0.0000678402   0.0002407104  -0.0007209594   0.0004425869  -0.0002446446
       -0.1171037207   0.3615866441  -0.0753080953
       -0.0002466060  -0.0001717154   0.0000251561   0.0004099830   0.0003270925
        0.0001269782  -0.0001597553  -0.0002696432  -0.0012190939  -0.0019207566
        0.0028325885  -0.0057315021  -0.0000148009   0.0024075720   0.0049741438
        0.0001850170   0.0009909871   0.0041817806  -0.0005879432  -0.0000625982
       -0.0055961747  -0.0233573654   0.0692636179  -0.0299709741   0.0000628164
        0.0002323813   0.0011010972   0.0001558932  -0.0002421871  -0.0005969628
        0.0254735178  -0.0753080953   0.0327055517
