           1           2   1.4627415144516656     
           1           3  0.36025827062117821     
           2           3   1.3979161106965519     
           2           4  0.99952568298907019     
           4           5   1.4557018348240067     
           5           6   1.3678157219794909     
           4           7  0.10723921204400394     
           6           7   1.4962596712854050     
           4           8   1.2105917455931037     
           5           8  0.11881866305275138     
           7           8   1.2775029015947783     
           6           9  0.96785971801535253     
           7          10  0.96792971363667479     
           8          11  0.92488975623563086     
