[double3(10.696000000000,0.000000000000,0.000000000000),double3(0.000000000000,13.078000000000,0.000000000000),double3(-4.013371841976,0.000000000000,11.795950426228)]

double3(0.296170000000,0.215605000000,0.230125000000),
double3(0.260000000000,0.153850000000,0.241735000000),
double3(0.074800000000,0.495185000000,0.094420000000),
double3(0.015386666667,0.044735000000,0.063400000000),
double3(0.004580000000,0.178605000000,0.200160000000),
double3(0.062390000000,0.232140000000,0.229035000000),
double3(0.279566666667,0.115850000000,0.276850000000),
double3(0.310700000000,0.116300000000,0.293300000000),
double3(0.256466666667,0.076250000000,0.290150000000),
double3(0.271300000000,0.050300000000,0.315900000000),
double3(0.211466666667,0.074900000000,0.265250000000),
double3(0.194833333333,0.047850000000,0.273700000000),
double3(0.190600000000,0.113100000000,0.228100000000),
double3(0.216300000000,0.152050000000,0.217750000000),
double3(0.202233333333,0.178650000000,0.192450000000),
double3(0.141833333333,0.113600000000,0.201150000000),
double3(0.120800000000,0.073700000000,0.165550000000),
double3(0.137466666667,0.046000000000,0.158550000000),
double3(0.075300000000,0.074650000000,0.140250000000),
double3(0.050766666667,0.112900000000,0.153650000000),
double3(0.019566666667,0.112400000000,0.137900000000),
double3(0.071466666667,0.152150000000,0.190000000000),
double3(0.116766666667,0.153300000000,0.212250000000),
double3(0.130933333333,0.181250000000,0.235200000000),
double3(0.053633333333,0.035250000000,0.096800000000),
double3(0.044100000000,0.190900000000,0.207550000000),
double3(0.296170000000,0.215605000000,0.730125000000),
double3(0.260000000000,0.153850000000,0.741735000000),
double3(0.074800000000,0.495185000000,0.594420000000),
double3(0.015386666667,0.044735000000,0.563400000000),
double3(0.004580000000,0.178605000000,0.700160000000),
double3(0.062390000000,0.232140000000,0.729035000000),
double3(0.279566666667,0.115850000000,0.776850000000),
double3(0.310700000000,0.116300000000,0.793300000000),
double3(0.256466666667,0.076250000000,0.790150000000),
double3(0.271300000000,0.050300000000,0.815900000000),
double3(0.211466666667,0.074900000000,0.765250000000),
double3(0.194833333333,0.047850000000,0.773700000000),
double3(0.190600000000,0.113100000000,0.728100000000),
double3(0.216300000000,0.152050000000,0.717750000000),
double3(0.202233333333,0.178650000000,0.692450000000),
double3(0.141833333333,0.113600000000,0.701150000000),
double3(0.120800000000,0.073700000000,0.665550000000),
double3(0.137466666667,0.046000000000,0.658550000000),
double3(0.075300000000,0.074650000000,0.640250000000),
double3(0.050766666667,0.112900000000,0.653650000000),
double3(0.019566666667,0.112400000000,0.637900000000),
double3(0.071466666667,0.152150000000,0.690000000000),
double3(0.116766666667,0.153300000000,0.712250000000),
double3(0.130933333333,0.181250000000,0.735200000000),
double3(0.053633333333,0.035250000000,0.596800000000),
double3(0.044100000000,0.190900000000,0.707550000000),
double3(0.296170000000,0.715605000000,0.230125000000),
double3(0.260000000000,0.653850000000,0.241735000000),
double3(0.074800000000,0.995185000000,0.094420000000),
double3(0.015386666667,0.544735000000,0.063400000000),
double3(0.004580000000,0.678605000000,0.200160000000),
double3(0.062390000000,0.732140000000,0.229035000000),
double3(0.279566666667,0.615850000000,0.276850000000),
double3(0.310700000000,0.616300000000,0.293300000000),
double3(0.256466666667,0.576250000000,0.290150000000),
double3(0.271300000000,0.550300000000,0.315900000000),
double3(0.211466666667,0.574900000000,0.265250000000),
double3(0.194833333333,0.547850000000,0.273700000000),
double3(0.190600000000,0.613100000000,0.228100000000),
double3(0.216300000000,0.652050000000,0.217750000000),
double3(0.202233333333,0.678650000000,0.192450000000),
double3(0.141833333333,0.613600000000,0.201150000000),
double3(0.120800000000,0.573700000000,0.165550000000),
double3(0.137466666667,0.546000000000,0.158550000000),
double3(0.075300000000,0.574650000000,0.140250000000),
double3(0.050766666667,0.612900000000,0.153650000000),
double3(0.019566666667,0.612400000000,0.137900000000),
double3(0.071466666667,0.652150000000,0.190000000000),
double3(0.116766666667,0.653300000000,0.212250000000),
double3(0.130933333333,0.681250000000,0.235200000000),
double3(0.053633333333,0.535250000000,0.096800000000),
double3(0.044100000000,0.690900000000,0.207550000000),
double3(0.296170000000,0.715605000000,0.730125000000),
double3(0.260000000000,0.653850000000,0.741735000000),
double3(0.074800000000,0.995185000000,0.594420000000),
double3(0.015386666667,0.544735000000,0.563400000000),
double3(0.004580000000,0.678605000000,0.700160000000),
double3(0.062390000000,0.732140000000,0.729035000000),
double3(0.279566666667,0.615850000000,0.776850000000),
double3(0.310700000000,0.616300000000,0.793300000000),
double3(0.256466666667,0.576250000000,0.790150000000),
double3(0.271300000000,0.550300000000,0.815900000000),
double3(0.211466666667,0.574900000000,0.765250000000),
double3(0.194833333333,0.547850000000,0.773700000000),
double3(0.190600000000,0.613100000000,0.728100000000),
double3(0.216300000000,0.652050000000,0.717750000000),
double3(0.202233333333,0.678650000000,0.692450000000),
double3(0.141833333333,0.613600000000,0.701150000000),
double3(0.120800000000,0.573700000000,0.665550000000),
double3(0.137466666667,0.546000000000,0.658550000000),
double3(0.075300000000,0.574650000000,0.640250000000),
double3(0.050766666667,0.612900000000,0.653650000000),
double3(0.019566666667,0.612400000000,0.637900000000),
double3(0.071466666667,0.652150000000,0.690000000000),
double3(0.116766666667,0.653300000000,0.712250000000),
double3(0.130933333333,0.681250000000,0.735200000000),
double3(0.053633333333,0.535250000000,0.596800000000),
double3(0.044100000000,0.690900000000,0.707550000000),
double3(0.629503333333,0.215605000000,0.230125000000),
double3(0.593333333333,0.153850000000,0.241735000000),
double3(0.408133333333,0.495185000000,0.094420000000),
double3(0.348720000000,0.044735000000,0.063400000000),
double3(0.337913333333,0.178605000000,0.200160000000),
double3(0.395723333333,0.232140000000,0.229035000000),
double3(0.612900000000,0.115850000000,0.276850000000),
double3(0.644033333333,0.116300000000,0.293300000000),
double3(0.589800000000,0.076250000000,0.290150000000),
double3(0.604633333333,0.050300000000,0.315900000000),
double3(0.544800000000,0.074900000000,0.265250000000),
double3(0.528166666667,0.047850000000,0.273700000000),
double3(0.523933333333,0.113100000000,0.228100000000),
double3(0.549633333333,0.152050000000,0.217750000000),
double3(0.535566666667,0.178650000000,0.192450000000),
double3(0.475166666667,0.113600000000,0.201150000000),
double3(0.454133333333,0.073700000000,0.165550000000),
double3(0.470800000000,0.046000000000,0.158550000000),
double3(0.408633333333,0.074650000000,0.140250000000),
double3(0.384100000000,0.112900000000,0.153650000000),
double3(0.352900000000,0.112400000000,0.137900000000),
double3(0.404800000000,0.152150000000,0.190000000000),
double3(0.450100000000,0.153300000000,0.212250000000),
double3(0.464266666667,0.181250000000,0.235200000000),
double3(0.386966666667,0.035250000000,0.096800000000),
double3(0.377433333333,0.190900000000,0.207550000000),
double3(0.629503333333,0.215605000000,0.730125000000),
double3(0.593333333333,0.153850000000,0.741735000000),
double3(0.408133333333,0.495185000000,0.594420000000),
double3(0.348720000000,0.044735000000,0.563400000000),
double3(0.337913333333,0.178605000000,0.700160000000),
double3(0.395723333333,0.232140000000,0.729035000000),
double3(0.612900000000,0.115850000000,0.776850000000),
double3(0.644033333333,0.116300000000,0.793300000000),
double3(0.589800000000,0.076250000000,0.790150000000),
double3(0.604633333333,0.050300000000,0.815900000000),
double3(0.544800000000,0.074900000000,0.765250000000),
double3(0.528166666667,0.047850000000,0.773700000000),
double3(0.523933333333,0.113100000000,0.728100000000),
double3(0.549633333333,0.152050000000,0.717750000000),
double3(0.535566666667,0.178650000000,0.692450000000),
double3(0.475166666667,0.113600000000,0.701150000000),
double3(0.454133333333,0.073700000000,0.665550000000),
double3(0.470800000000,0.046000000000,0.658550000000),
double3(0.408633333333,0.074650000000,0.640250000000),
double3(0.384100000000,0.112900000000,0.653650000000),
double3(0.352900000000,0.112400000000,0.637900000000),
double3(0.404800000000,0.152150000000,0.690000000000),
double3(0.450100000000,0.153300000000,0.712250000000),
double3(0.464266666667,0.181250000000,0.735200000000),
double3(0.386966666667,0.035250000000,0.596800000000),
double3(0.377433333333,0.190900000000,0.707550000000),
double3(0.629503333333,0.715605000000,0.230125000000),
double3(0.593333333333,0.653850000000,0.241735000000),
double3(0.408133333333,0.995185000000,0.094420000000),
double3(0.348720000000,0.544735000000,0.063400000000),
double3(0.337913333333,0.678605000000,0.200160000000),
double3(0.395723333333,0.732140000000,0.229035000000),
double3(0.612900000000,0.615850000000,0.276850000000),
double3(0.644033333333,0.616300000000,0.293300000000),
double3(0.589800000000,0.576250000000,0.290150000000),
double3(0.604633333333,0.550300000000,0.315900000000),
double3(0.544800000000,0.574900000000,0.265250000000),
double3(0.528166666667,0.547850000000,0.273700000000),
double3(0.523933333333,0.613100000000,0.228100000000),
double3(0.549633333333,0.652050000000,0.217750000000),
double3(0.535566666667,0.678650000000,0.192450000000),
double3(0.475166666667,0.613600000000,0.201150000000),
double3(0.454133333333,0.573700000000,0.165550000000),
double3(0.470800000000,0.546000000000,0.158550000000),
double3(0.408633333333,0.574650000000,0.140250000000),
double3(0.384100000000,0.612900000000,0.153650000000),
double3(0.352900000000,0.612400000000,0.137900000000),
double3(0.404800000000,0.652150000000,0.190000000000),
double3(0.450100000000,0.653300000000,0.212250000000),
double3(0.464266666667,0.681250000000,0.235200000000),
double3(0.386966666667,0.535250000000,0.096800000000),
double3(0.377433333333,0.690900000000,0.207550000000),
double3(0.629503333333,0.715605000000,0.730125000000),
double3(0.593333333333,0.653850000000,0.741735000000),
double3(0.408133333333,0.995185000000,0.594420000000),
double3(0.348720000000,0.544735000000,0.563400000000),
double3(0.337913333333,0.678605000000,0.700160000000),
double3(0.395723333333,0.732140000000,0.729035000000),
double3(0.612900000000,0.615850000000,0.776850000000),
double3(0.644033333333,0.616300000000,0.793300000000),
double3(0.589800000000,0.576250000000,0.790150000000),
double3(0.604633333333,0.550300000000,0.815900000000),
double3(0.544800000000,0.574900000000,0.765250000000),
double3(0.528166666667,0.547850000000,0.773700000000),
double3(0.523933333333,0.613100000000,0.728100000000),
double3(0.549633333333,0.652050000000,0.717750000000),
double3(0.535566666667,0.678650000000,0.692450000000),
double3(0.475166666667,0.613600000000,0.701150000000),
double3(0.454133333333,0.573700000000,0.665550000000),
double3(0.470800000000,0.546000000000,0.658550000000),
double3(0.408633333333,0.574650000000,0.640250000000),
double3(0.384100000000,0.612900000000,0.653650000000),
double3(0.352900000000,0.612400000000,0.637900000000),
double3(0.404800000000,0.652150000000,0.690000000000),
double3(0.450100000000,0.653300000000,0.712250000000),
double3(0.464266666667,0.681250000000,0.735200000000),
double3(0.386966666667,0.535250000000,0.596800000000),
double3(0.377433333333,0.690900000000,0.707550000000),
double3(0.962836666667,0.215605000000,0.230125000000),
double3(0.926666666667,0.153850000000,0.241735000000),
double3(0.741466666667,0.495185000000,0.094420000000),
double3(0.682053333333,0.044735000000,0.063400000000),
double3(0.671246666667,0.178605000000,0.200160000000),
double3(0.729056666667,0.232140000000,0.229035000000),
double3(0.946233333333,0.115850000000,0.276850000000),
double3(0.977366666667,0.116300000000,0.293300000000),
double3(0.923133333333,0.076250000000,0.290150000000),
double3(0.937966666667,0.050300000000,0.315900000000),
double3(0.878133333333,0.074900000000,0.265250000000),
double3(0.861500000000,0.047850000000,0.273700000000),
double3(0.857266666667,0.113100000000,0.228100000000),
double3(0.882966666667,0.152050000000,0.217750000000),
double3(0.868900000000,0.178650000000,0.192450000000),
double3(0.808500000000,0.113600000000,0.201150000000),
double3(0.787466666667,0.073700000000,0.165550000000),
double3(0.804133333333,0.046000000000,0.158550000000),
double3(0.741966666667,0.074650000000,0.140250000000),
double3(0.717433333333,0.112900000000,0.153650000000),
double3(0.686233333333,0.112400000000,0.137900000000),
double3(0.738133333333,0.152150000000,0.190000000000),
double3(0.783433333333,0.153300000000,0.212250000000),
double3(0.797600000000,0.181250000000,0.235200000000),
double3(0.720300000000,0.035250000000,0.096800000000),
double3(0.710766666667,0.190900000000,0.207550000000),
double3(0.962836666667,0.215605000000,0.730125000000),
double3(0.926666666667,0.153850000000,0.741735000000),
double3(0.741466666667,0.495185000000,0.594420000000),
double3(0.682053333333,0.044735000000,0.563400000000),
double3(0.671246666667,0.178605000000,0.700160000000),
double3(0.729056666667,0.232140000000,0.729035000000),
double3(0.946233333333,0.115850000000,0.776850000000),
double3(0.977366666667,0.116300000000,0.793300000000),
double3(0.923133333333,0.076250000000,0.790150000000),
double3(0.937966666667,0.050300000000,0.815900000000),
double3(0.878133333333,0.074900000000,0.765250000000),
double3(0.861500000000,0.047850000000,0.773700000000),
double3(0.857266666667,0.113100000000,0.728100000000),
double3(0.882966666667,0.152050000000,0.717750000000),
double3(0.868900000000,0.178650000000,0.692450000000),
double3(0.808500000000,0.113600000000,0.701150000000),
double3(0.787466666667,0.073700000000,0.665550000000),
double3(0.804133333333,0.046000000000,0.658550000000),
double3(0.741966666667,0.074650000000,0.640250000000),
double3(0.717433333333,0.112900000000,0.653650000000),
double3(0.686233333333,0.112400000000,0.637900000000),
double3(0.738133333333,0.152150000000,0.690000000000),
double3(0.783433333333,0.153300000000,0.712250000000),
double3(0.797600000000,0.181250000000,0.735200000000),
double3(0.720300000000,0.035250000000,0.596800000000),
double3(0.710766666667,0.190900000000,0.707550000000),
double3(0.962836666667,0.715605000000,0.230125000000),
double3(0.926666666667,0.653850000000,0.241735000000),
double3(0.741466666667,0.995185000000,0.094420000000),
double3(0.682053333333,0.544735000000,0.063400000000),
double3(0.671246666667,0.678605000000,0.200160000000),
double3(0.729056666667,0.732140000000,0.229035000000),
double3(0.946233333333,0.615850000000,0.276850000000),
double3(0.977366666667,0.616300000000,0.293300000000),
double3(0.923133333333,0.576250000000,0.290150000000),
double3(0.937966666667,0.550300000000,0.315900000000),
double3(0.878133333333,0.574900000000,0.265250000000),
double3(0.861500000000,0.547850000000,0.273700000000),
double3(0.857266666667,0.613100000000,0.228100000000),
double3(0.882966666667,0.652050000000,0.217750000000),
double3(0.868900000000,0.678650000000,0.192450000000),
double3(0.808500000000,0.613600000000,0.201150000000),
double3(0.787466666667,0.573700000000,0.165550000000),
double3(0.804133333333,0.546000000000,0.158550000000),
double3(0.741966666667,0.574650000000,0.140250000000),
double3(0.717433333333,0.612900000000,0.153650000000),
double3(0.686233333333,0.612400000000,0.137900000000),
double3(0.738133333333,0.652150000000,0.190000000000),
double3(0.783433333333,0.653300000000,0.212250000000),
double3(0.797600000000,0.681250000000,0.235200000000),
double3(0.720300000000,0.535250000000,0.096800000000),
double3(0.710766666667,0.690900000000,0.207550000000),
double3(0.962836666667,0.715605000000,0.730125000000),
double3(0.926666666667,0.653850000000,0.741735000000),
double3(0.741466666667,0.995185000000,0.594420000000),
double3(0.682053333333,0.544735000000,0.563400000000),
double3(0.671246666667,0.678605000000,0.700160000000),
double3(0.729056666667,0.732140000000,0.729035000000),
double3(0.946233333333,0.615850000000,0.776850000000),
double3(0.977366666667,0.616300000000,0.793300000000),
double3(0.923133333333,0.576250000000,0.790150000000),
double3(0.937966666667,0.550300000000,0.815900000000),
double3(0.878133333333,0.574900000000,0.765250000000),
double3(0.861500000000,0.547850000000,0.773700000000),
double3(0.857266666667,0.613100000000,0.728100000000),
double3(0.882966666667,0.652050000000,0.717750000000),
double3(0.868900000000,0.678650000000,0.692450000000),
double3(0.808500000000,0.613600000000,0.701150000000),
double3(0.787466666667,0.573700000000,0.665550000000),
double3(0.804133333333,0.546000000000,0.658550000000),
double3(0.741966666667,0.574650000000,0.640250000000),
double3(0.717433333333,0.612900000000,0.653650000000),
double3(0.686233333333,0.612400000000,0.637900000000),
double3(0.738133333333,0.652150000000,0.690000000000),
double3(0.783433333333,0.653300000000,0.712250000000),
double3(0.797600000000,0.681250000000,0.735200000000),
double3(0.720300000000,0.535250000000,0.596800000000),
double3(0.710766666667,0.690900000000,0.707550000000),
