[double3(31.025000000000,0.000000000000,0.000000000000),double3(0.000000000000,31.025000000000,0.000000000000),double3(0.000000000000,0.000000000000,31.025000000000)]

double3(0.337600000000,0.274320000000,0.225679000000),
double3(0.380800000000,0.266300000000,0.233696000000),
double3(0.312600000000,0.250000000000,0.250000000000),
double3(0.420500000000,0.279100000000,0.220947000000),
double3(0.461700000000,0.266000000000,0.233970000000),
double3(0.500000000000,0.282600000000,0.217374000000),
double3(0.250000000000,0.250000000000,0.250000000000),
double3(0.356100000000,0.356100000000,0.198500000000),
double3(0.315100000000,0.315100000000,0.184938000000),
double3(0.352300000000,0.352300000000,0.147677000000),
double3(0.420468000000,0.300249000000,0.199751000000),
double3(0.370560000000,0.370560000000,0.129440000000),
