[double3(13.290900000000,0.000000000000,0.000000000000),double3(0.000000000000,13.290900000000,0.000000000000),double3(0.000000000000,0.000000000000,14.356000000000)]

double3(0.494560000000,0.494560000000,0.062500000000),
double3(0.055580000000,0.496410000000,0.101565000000),
double3(0.433755000000,0.007575000000,0.147530000000),
double3(0.103965000000,0.494600000000,0.087750000000),
double3(0.114300000000,0.490300000000,0.057050000000),
double3(0.136200000000,0.000000000000,0.125000000000),
double3(0.191750000000,0.000000000000,0.125000000000),
double3(0.218240000000,0.011650000000,0.164765000000),
double3(0.201000000000,0.020100000000,0.191850000000),
double3(0.270850000000,0.010950000000,0.164805000000),
double3(0.287950000000,0.018050000000,0.192300000000),
double3(0.298050000000,0.000000000000,0.125000000000),
double3(0.353550000000,0.000000000000,0.125000000000),
double3(0.385690000000,0.012250000000,0.160800000000),
double3(0.375400000000,0.022450000000,0.190300000000),
double3(0.494560000000,0.494560000000,0.562500000000),
double3(0.055580000000,0.496410000000,0.601565000000),
double3(0.433755000000,0.007575000000,0.647530000000),
double3(0.103965000000,0.494600000000,0.587750000000),
double3(0.114300000000,0.490300000000,0.557050000000),
double3(0.136200000000,0.000000000000,0.625000000000),
double3(0.191750000000,0.000000000000,0.625000000000),
double3(0.218240000000,0.011650000000,0.664765000000),
double3(0.201000000000,0.020100000000,0.691850000000),
double3(0.270850000000,0.010950000000,0.664805000000),
double3(0.287950000000,0.018050000000,0.692300000000),
double3(0.298050000000,0.000000000000,0.625000000000),
double3(0.353550000000,0.000000000000,0.625000000000),
double3(0.385690000000,0.012250000000,0.660800000000),
double3(0.375400000000,0.022450000000,0.690300000000),
double3(0.494560000000,0.994560000000,0.062500000000),
double3(0.055580000000,0.996410000000,0.101565000000),
double3(0.433755000000,0.507575000000,0.147530000000),
double3(0.103965000000,0.994600000000,0.087750000000),
double3(0.114300000000,0.990300000000,0.057050000000),
double3(0.136200000000,0.500000000000,0.125000000000),
double3(0.191750000000,0.500000000000,0.125000000000),
double3(0.218240000000,0.511650000000,0.164765000000),
double3(0.201000000000,0.520100000000,0.191850000000),
double3(0.270850000000,0.510950000000,0.164805000000),
double3(0.287950000000,0.518050000000,0.192300000000),
double3(0.298050000000,0.500000000000,0.125000000000),
double3(0.353550000000,0.500000000000,0.125000000000),
double3(0.385690000000,0.512250000000,0.160800000000),
double3(0.375400000000,0.522450000000,0.190300000000),
double3(0.494560000000,0.994560000000,0.562500000000),
double3(0.055580000000,0.996410000000,0.601565000000),
double3(0.433755000000,0.507575000000,0.647530000000),
double3(0.103965000000,0.994600000000,0.587750000000),
double3(0.114300000000,0.990300000000,0.557050000000),
double3(0.136200000000,0.500000000000,0.625000000000),
double3(0.191750000000,0.500000000000,0.625000000000),
double3(0.218240000000,0.511650000000,0.664765000000),
double3(0.201000000000,0.520100000000,0.691850000000),
double3(0.270850000000,0.510950000000,0.664805000000),
double3(0.287950000000,0.518050000000,0.692300000000),
double3(0.298050000000,0.500000000000,0.625000000000),
double3(0.353550000000,0.500000000000,0.625000000000),
double3(0.385690000000,0.512250000000,0.660800000000),
double3(0.375400000000,0.522450000000,0.690300000000),
double3(0.994560000000,0.494560000000,0.062500000000),
double3(0.555580000000,0.496410000000,0.101565000000),
double3(0.933755000000,0.007575000000,0.147530000000),
double3(0.603965000000,0.494600000000,0.087750000000),
double3(0.614300000000,0.490300000000,0.057050000000),
double3(0.636200000000,0.000000000000,0.125000000000),
double3(0.691750000000,0.000000000000,0.125000000000),
double3(0.718240000000,0.011650000000,0.164765000000),
double3(0.701000000000,0.020100000000,0.191850000000),
double3(0.770850000000,0.010950000000,0.164805000000),
double3(0.787950000000,0.018050000000,0.192300000000),
double3(0.798050000000,0.000000000000,0.125000000000),
double3(0.853550000000,0.000000000000,0.125000000000),
double3(0.885690000000,0.012250000000,0.160800000000),
double3(0.875400000000,0.022450000000,0.190300000000),
double3(0.994560000000,0.494560000000,0.562500000000),
double3(0.555580000000,0.496410000000,0.601565000000),
double3(0.933755000000,0.007575000000,0.647530000000),
double3(0.603965000000,0.494600000000,0.587750000000),
double3(0.614300000000,0.490300000000,0.557050000000),
double3(0.636200000000,0.000000000000,0.625000000000),
double3(0.691750000000,0.000000000000,0.625000000000),
double3(0.718240000000,0.011650000000,0.664765000000),
double3(0.701000000000,0.020100000000,0.691850000000),
double3(0.770850000000,0.010950000000,0.664805000000),
double3(0.787950000000,0.018050000000,0.692300000000),
double3(0.798050000000,0.000000000000,0.625000000000),
double3(0.853550000000,0.000000000000,0.625000000000),
double3(0.885690000000,0.012250000000,0.660800000000),
double3(0.875400000000,0.022450000000,0.690300000000),
double3(0.994560000000,0.994560000000,0.062500000000),
double3(0.555580000000,0.996410000000,0.101565000000),
double3(0.933755000000,0.507575000000,0.147530000000),
double3(0.603965000000,0.994600000000,0.087750000000),
double3(0.614300000000,0.990300000000,0.057050000000),
double3(0.636200000000,0.500000000000,0.125000000000),
double3(0.691750000000,0.500000000000,0.125000000000),
double3(0.718240000000,0.511650000000,0.164765000000),
double3(0.701000000000,0.520100000000,0.191850000000),
double3(0.770850000000,0.510950000000,0.164805000000),
double3(0.787950000000,0.518050000000,0.192300000000),
double3(0.798050000000,0.500000000000,0.125000000000),
double3(0.853550000000,0.500000000000,0.125000000000),
double3(0.885690000000,0.512250000000,0.160800000000),
double3(0.875400000000,0.522450000000,0.190300000000),
double3(0.994560000000,0.994560000000,0.562500000000),
double3(0.555580000000,0.996410000000,0.601565000000),
double3(0.933755000000,0.507575000000,0.647530000000),
double3(0.603965000000,0.994600000000,0.587750000000),
double3(0.614300000000,0.990300000000,0.557050000000),
double3(0.636200000000,0.500000000000,0.625000000000),
double3(0.691750000000,0.500000000000,0.625000000000),
double3(0.718240000000,0.511650000000,0.664765000000),
double3(0.701000000000,0.520100000000,0.691850000000),
double3(0.770850000000,0.510950000000,0.664805000000),
double3(0.787950000000,0.518050000000,0.692300000000),
double3(0.798050000000,0.500000000000,0.625000000000),
double3(0.853550000000,0.500000000000,0.625000000000),
double3(0.885690000000,0.512250000000,0.660800000000),
double3(0.875400000000,0.522450000000,0.690300000000),
