$hessian                                                                        
        0.2334376686   0.1870618885   0.1144226523  -0.2078202690  -0.1574198227
       -0.0939522630   0.0278069089   0.0176813511   0.0098961645  -0.0466350873
       -0.0447986757  -0.0280327234   0.0084156806  -0.0025094369  -0.0009750318
       -0.0036230610  -0.0070367244  -0.0039465157  -0.0057907779   0.0042830174
        0.0019856953  -0.0034624159   0.0023834739   0.0004843844  -0.0005885844
        0.0005345482   0.0002371597  -0.0017400626  -0.0001796195  -0.0001195223
        0.1870618885   0.3682171112   0.1967621266  -0.1390686752  -0.2974212366
       -0.1336147361  -0.0231821013  -0.0643825745  -0.0472892215  -0.0311598061
       -0.0133937271  -0.0163444201   0.0143155248   0.0018297288   0.0004148606
       -0.0078292105  -0.0100191989  -0.0057264481  -0.0057902592   0.0090699626
        0.0051471516   0.0070301317   0.0057131299  -0.0002998423  -0.0005603443
        0.0005595138   0.0004103042  -0.0008171482  -0.0001727092   0.0005402249
        0.1144226523   0.1967621266   0.1368086773  -0.0841198454  -0.1348928293
       -0.1430518322  -0.0119262900  -0.0444286442  -0.0032465066  -0.0208455843
       -0.0173919449   0.0026071762   0.0080495437  -0.0007198017   0.0029674173
       -0.0044353483  -0.0057309557  -0.0035395459  -0.0034143109   0.0058308008
        0.0015993366   0.0030416622  -0.0005179278   0.0069441790  -0.0003098927
        0.0005114963  -0.0001045412  -0.0004625866   0.0005776799  -0.0009843605
       -0.2078202690  -0.1390686752  -0.0841198454   0.6945457032  -0.0109385227
        0.0286180981  -0.1910935241   0.1388122279   0.0652922752  -0.2208634526
        0.0082893029  -0.0070260564  -0.0569158891   0.0127954970   0.0039265299
        0.0197567149   0.0260026589   0.0146862457   0.0179021277  -0.0278386102
       -0.0140814308  -0.0587646477  -0.0080523086  -0.0072312166   0.0016276835
       -0.0017215518  -0.0008839876   0.0016255531   0.0017199818   0.0008193879
       -0.1574198227  -0.2974212366  -0.1348928293  -0.0109385227   0.7060444907
        0.2683223482   0.1571462116  -0.3276462014  -0.1290890149   0.0083051599
       -0.0584392705   0.0005456176   0.0246310298  -0.0098952299   0.0050407736
        0.0049268385  -0.0051910037  -0.0060231286  -0.0067398374  -0.0017944197
       -0.0050317532  -0.0199024045  -0.0065471650   0.0036830227   0.0016430245
        0.0004480564  -0.0011644607  -0.0016516771   0.0004419797  -0.0013905753
       -0.0939522630  -0.1336147361  -0.1430518322   0.0286180981   0.2683223482
        0.3468493341   0.0750484828  -0.1303333354  -0.1295205159  -0.0069298514
        0.0006755038  -0.0587009410   0.0102742953   0.0040468186  -0.0128945298
        0.0035430022  -0.0045153082   0.0044979762  -0.0028291065  -0.0064641878
        0.0030181104  -0.0136073287   0.0043848864  -0.0143930493   0.0007962698
       -0.0013712423   0.0020982263  -0.0009615986  -0.0011307471   0.0020972210
        0.0278069089  -0.0231821013  -0.0119262900  -0.1910935241   0.1571462116
        0.0750484828   0.2123154009  -0.1868568949  -0.0865406607  -0.0421076708
        0.0489580813   0.0222570609  -0.0039345660  -0.0013353581  -0.0014401099
       -0.0056499117  -0.0032572893  -0.0020206997  -0.0027941723   0.0067556480
        0.0034220291   0.0077183157   0.0019507871   0.0013890981  -0.0016793062
        0.0002827733   0.0000772692  -0.0005814745  -0.0004618578  -0.0002661798
        0.0176813511  -0.0643825745  -0.0444286442   0.1388122279  -0.3276462014
       -0.1303333354  -0.1868568949   0.4063868672   0.1910537200   0.0353051862
       -0.0215921819  -0.0161431527  -0.0059771429   0.0065673655  -0.0007531935
        0.0068182948   0.0088328383   0.0058545648   0.0075284097  -0.0115276892
       -0.0055058704  -0.0148636477   0.0030973044  -0.0009239018   0.0009194401
       -0.0002854856   0.0006498999   0.0006327758   0.0005497571   0.0005299134
        0.0098961645  -0.0472892215  -0.0032465066   0.0652922752  -0.1290890149
       -0.1295205159  -0.0865406607   0.1910537200   0.1197507912   0.0149681894
       -0.0152177740   0.0062302274  -0.0039692537  -0.0003229329   0.0065645598
        0.0033344916   0.0051798065   0.0016996130   0.0038527522  -0.0055798718
       -0.0029083903  -0.0076047074   0.0002770090   0.0024192221   0.0004566545
        0.0005501227  -0.0009133138   0.0003140945   0.0004381566  -0.0000756869
       -0.0466350873  -0.0311598061  -0.0208455843  -0.2208634526   0.0083051599
       -0.0069298514  -0.0421076708   0.0353051862   0.0149681894   0.7107053950
       -0.0192602770   0.0302467032  -0.0793206049   0.0670025165   0.0346024397
       -0.1074435645  -0.0044074358  -0.0101341217  -0.1093965923   0.0160724989
        0.0006015247  -0.0879284018  -0.0730408938  -0.0407711009  -0.0085503433
       -0.0005950784  -0.0015301790  -0.0084596776   0.0017781296  -0.0002080196
       -0.0447986757  -0.0133937271  -0.0173919449   0.0082893029  -0.0584392705
        0.0006755038   0.0489580813  -0.0215921819  -0.0152177740  -0.0192602770
        0.4971342759   0.1933524144   0.0793713157  -0.2152311740  -0.0757519852
        0.0507386693   0.0046838554   0.0034933772  -0.0390412823   0.0082850734
       -0.0008860773  -0.0854412567  -0.1996622908  -0.0789612016   0.0001669734
       -0.0008090973  -0.0046406932   0.0010171492  -0.0009754630  -0.0046716192
       -0.0280327234  -0.0163444201   0.0026071762  -0.0070260564   0.0005456176
       -0.0587009410   0.0222570609  -0.0161431527   0.0062302274   0.0302467032
        0.1933524144   0.2374099920   0.0411407000  -0.0765964146  -0.1007966361
        0.0192466813  -0.0003716877   0.0059505160  -0.0288021469   0.0029818884
        0.0043603874  -0.0473627695  -0.0781232012  -0.1077981432  -0.0010668477
       -0.0046861726   0.0053317800  -0.0006006015  -0.0046148715   0.0054056414
        0.0084156806   0.0143155248   0.0080495437  -0.0569158891   0.0246310298
        0.0102742953  -0.0039345660  -0.0059771429  -0.0039692537  -0.0793206049
        0.0793713157   0.0411407000   0.5465413187   0.0243901635   0.0451023398
       -0.3411829940  -0.0695696862  -0.0569751088  -0.0205067197  -0.0871482050
       -0.0492032835  -0.0296692536   0.0298105759   0.0123384319  -0.0225592748
       -0.0043768690  -0.0033974738  -0.0008676971  -0.0054467066  -0.0033601909
       -0.0025094369   0.0018297288  -0.0007198017   0.0127954970  -0.0098952299
        0.0040468186  -0.0013353581   0.0065673655  -0.0003229329   0.0670025165
       -0.2152311740  -0.0765964146   0.0243901635   0.4331311238   0.1859000365
       -0.0773380318  -0.1045514969  -0.0303069959  -0.0142745311  -0.0315533515
       -0.0273394159  -0.0302966246  -0.0801606288  -0.0566220925   0.0197102424
        0.0040568434   0.0071930381   0.0018555630  -0.0041931804  -0.0052322398
       -0.0009750318   0.0004148606   0.0029674173   0.0039265299   0.0050407736
       -0.0128945298  -0.0014401099  -0.0007531935   0.0065645598   0.0346024397
       -0.0757519852  -0.1007966361   0.0451023398   0.1859000365   0.1901527415
       -0.0610741980  -0.0297898683  -0.0779729325  -0.0102973124  -0.0324535061
       -0.0001760115  -0.0197775136  -0.0523944089  -0.0073833376   0.0094145078
        0.0055223977  -0.0032701606   0.0005183485  -0.0057351064   0.0028088895
       -0.0036230610  -0.0078292105  -0.0044353483   0.0197567149   0.0049268385
        0.0035430022  -0.0056499117   0.0068182948   0.0033344916  -0.1074435645
        0.0507386693   0.0192466813  -0.3411829940  -0.0773380318  -0.0610741980
        0.7025059253  -0.1128575700  -0.0188424372  -0.0651429286   0.0222641668
        0.0110387052  -0.0147478458   0.0148123858   0.0055905100  -0.1830261505
        0.1163853546   0.0510284526  -0.0014461841  -0.0179208975  -0.0094298594
       -0.0070367244  -0.0100191989  -0.0057309557   0.0260026589  -0.0051910037
       -0.0045153082  -0.0032572893   0.0088328383   0.0051798065  -0.0044074358
        0.0046838554  -0.0003716877  -0.0695696862  -0.1045514969  -0.0297898683
       -0.1128575700   0.5172049672   0.2083689676  -0.0309321620  -0.2282700477
       -0.0956721598   0.0877497017  -0.0419588674  -0.0257702070   0.1140538872
       -0.1333710851  -0.0496087504   0.0002546199  -0.0073599613  -0.0020898371
       -0.0039465157  -0.0057264481  -0.0035395459   0.0146862457  -0.0060231286
        0.0044979762  -0.0020206997   0.0058545648   0.0016996130  -0.0101341217
        0.0034933772   0.0059505160  -0.0569751088  -0.0303069959  -0.0779729325
       -0.0188424372   0.2083689676   0.2215918818  -0.0173025299  -0.0919531290
       -0.1032380098   0.0444589959  -0.0308923299   0.0044758656   0.0498071582
       -0.0494461245  -0.0482877035   0.0002690132  -0.0033687536  -0.0051776607
       -0.0057907779  -0.0057902592  -0.0034143109   0.0179021277  -0.0067398374
       -0.0028291065  -0.0027941723   0.0075284097   0.0038527522  -0.1093965923
       -0.0390412823  -0.0288021469  -0.0205067197  -0.0142745311  -0.0102973124
       -0.0651429286  -0.0309321620  -0.0173025299   0.7130653638   0.0742395423
        0.0816870503  -0.3314559529   0.1026981317   0.0356116481  -0.0004791306
        0.0174007214   0.0094582516  -0.1954012172  -0.1050887329  -0.0679642955
        0.0042830174   0.0090699626   0.0058308008  -0.0278386102  -0.0017944197
       -0.0064641878   0.0067556480  -0.0115276892  -0.0055798718   0.0160724989
        0.0082850734   0.0029818884  -0.0871482050  -0.0315533515  -0.0324535061
        0.0222641668  -0.2282700477  -0.0919531290   0.0742395423   0.4980221947
        0.2112405751   0.0949073377  -0.1221802384  -0.0276782348  -0.0007747832
       -0.0091074050  -0.0030983933  -0.1027606127  -0.1109440792  -0.0528259415
        0.0019856953   0.0051471516   0.0015993366  -0.0140814308  -0.0050317532
        0.0030181104   0.0034220291  -0.0055058704  -0.0029083903   0.0006015247
       -0.0008860773   0.0043603874  -0.0492032835  -0.0273394159  -0.0001760115
        0.0110387052  -0.0956721598  -0.1032380098   0.0816870503   0.2112405751
        0.2301687523   0.0314655785  -0.0271407935  -0.0700968659  -0.0002073482
       -0.0018246963  -0.0043929468  -0.0667085206  -0.0529869603  -0.0583343624
       -0.0034624159   0.0070301317   0.0030416622  -0.0587646477  -0.0199024045
       -0.0136073287   0.0077183157  -0.0148636477  -0.0076047074  -0.0879284018
       -0.0854412567  -0.0473627695  -0.0296692536  -0.0302966246  -0.0197775136
       -0.0147478458   0.0877497017   0.0444589959  -0.3314559529   0.0949073377
        0.0314655785   0.5422635901  -0.0513886420   0.0044188823  -0.0006619524
        0.0055391893   0.0025412207  -0.0232914358   0.0066662153   0.0024259797
        0.0023834739   0.0057131299  -0.0005179278  -0.0080523086  -0.0065471650
        0.0043848864   0.0019507871   0.0030973044   0.0002770090  -0.0730408938
       -0.1996622908  -0.0781232012   0.0298105759  -0.0801606288  -0.0523944089
        0.0148123858  -0.0419588674  -0.0308923299   0.1026981317  -0.1221802384
       -0.0271407935  -0.0513886420   0.4408854223   0.1847381535  -0.0017590340
       -0.0045720849  -0.0056634972  -0.0174144760   0.0053854188   0.0053321095
        0.0004843844  -0.0002998423   0.0069441790  -0.0072312166   0.0036830227
       -0.0143930493   0.0013890981  -0.0009239018   0.0024192221  -0.0407711009
       -0.0789612016  -0.1077981432   0.0123384319  -0.0566220925  -0.0073833376
        0.0055905100  -0.0257702070   0.0044758656   0.0356116481  -0.0276782348
       -0.0700968659   0.0044188823   0.1847381535   0.1866936860  -0.0013913525
       -0.0051707054   0.0029924721  -0.0104392848   0.0070050091  -0.0038540288
       -0.0005885844  -0.0005603443  -0.0003098927   0.0016276835   0.0016430245
        0.0007962698  -0.0016793062   0.0009194401   0.0004566545  -0.0085503433
        0.0001669734  -0.0010668477  -0.0225592748   0.0197102424   0.0094145078
       -0.1830261505   0.1140538872   0.0498071582  -0.0004791306  -0.0007747832
       -0.0002073482  -0.0006619524  -0.0017590340  -0.0013913525   0.2154185610
       -0.1333919199  -0.0575408235   0.0004984978  -0.0000074862   0.0000416742
        0.0005345482   0.0005595138   0.0005114963  -0.0017215518   0.0004480564
       -0.0013712423   0.0002827733  -0.0002854856   0.0005501227  -0.0005950784
       -0.0008090973  -0.0046861726  -0.0043768690   0.0040568434   0.0055223977
        0.1163853546  -0.1333710851  -0.0494461245   0.0174007214  -0.0091074050
       -0.0018246963   0.0055391893  -0.0045720849  -0.0051707054  -0.1333919199
        0.1432168230   0.0559355180  -0.0000571676  -0.0001360787  -0.0000205937
        0.0002371597   0.0004103042  -0.0001045412  -0.0008839876  -0.0011644607
        0.0020982263   0.0000772692   0.0006498999  -0.0009133138  -0.0015301790
       -0.0046406932   0.0053317800  -0.0033974738   0.0071930381  -0.0032701606
        0.0510284526  -0.0496087504  -0.0482877035   0.0094582516  -0.0030983933
       -0.0043929468   0.0025412207  -0.0056634972   0.0029924721  -0.0575408235
        0.0559355180   0.0466636423   0.0000101102  -0.0000129653  -0.0001174549
       -0.0017400626  -0.0008171482  -0.0004625866   0.0016255531  -0.0016516771
       -0.0009615986  -0.0005814745   0.0006327758   0.0003140945  -0.0084596776
        0.0010171492  -0.0006006015  -0.0008676971   0.0018555630   0.0005183485
       -0.0014461841   0.0002546199   0.0002690132  -0.1954012172  -0.1027606127
       -0.0667085206  -0.0232914358  -0.0174144760  -0.0104392848   0.0004984978
       -0.0000571676   0.0000101102   0.2296636979   0.1189409737   0.0780610257
       -0.0001796195  -0.0001727092   0.0005776799   0.0017199818   0.0004419797
       -0.0011307471  -0.0004618578   0.0005497571   0.0004381566   0.0017781296
       -0.0009754630  -0.0046148715  -0.0054467066  -0.0041931804  -0.0057351064
       -0.0179208975  -0.0073599613  -0.0033687536  -0.1050887329  -0.1109440792
       -0.0529869603   0.0066662153   0.0053854188   0.0070050091  -0.0000074862
       -0.0001360787  -0.0000129653   0.1189409737   0.1174043162   0.0598285588
       -0.0001195223   0.0005402249  -0.0009843605   0.0008193879  -0.0013905753
        0.0020972210  -0.0002661798   0.0005299134  -0.0000756869  -0.0002080196
       -0.0046716192   0.0054056414  -0.0033601909  -0.0052322398   0.0028088895
       -0.0094298594  -0.0020898371  -0.0051776607  -0.0679642955  -0.0528259415
       -0.0583343624   0.0024259797   0.0053321095  -0.0038540288   0.0000416742
       -0.0000205937  -0.0001174549   0.0780610257   0.0598285588   0.0582318025
