           1           2   1.3548266245391798     
           1           3  0.28386431297777970     
           2           3   1.3548264244793968     
           2           4   1.0922033134814924     
           4           5   1.2902639305291215     
           5           6   1.4624207742895803     
           6           7   1.3527335074472633     
           4           8   1.2902640598095327     
           5           8  0.13037653564049692     
           7           8   1.4624205599772504     
           6           9  0.96960435758299357     
           7          10  0.96960435990124205     
