[double3(19.601100000000,0.000000000000,0.000000000000),double3(0.000000000000,9.201800000000,0.000000000000),double3(-1.809115967463,0.000000000000,10.886707280729)]

double3(0.000000000000,0.120033333333,0.083333333333),
double3(0.461420000000,0.151166666667,0.156973333333),
double3(0.489750000000,0.207300000000,0.185900000000),
double3(0.486000000000,0.226666666667,0.177666666667),
double3(0.283600000000,0.009333333333,0.069800000000),
double3(0.310000000000,0.043733333333,0.126800000000),
double3(0.434200000000,0.091066666667,0.129833333333),
double3(0.460000000000,0.068900000000,0.077200000000),
double3(0.336650000000,0.020966666667,0.031633333333),
double3(0.308750000000,0.029900000000,0.090466666667),
double3(0.339700000000,0.038366666667,0.070466666667),
double3(0.434100000000,0.074100000000,0.095400000000),
double3(0.400150000000,0.053800000000,0.072500000000),
double3(0.371150000000,0.054033333333,0.091400000000),
double3(0.372868500000,0.064760333333,0.118297000000),
double3(0.364650000000,0.021933333333,0.013933333333),
double3(0.362404500000,0.011373000000,0.320281333333),
double3(0.397100000000,0.037566666667,0.032833333333),
double3(0.416002500000,0.037021000000,0.019131666667),
double3(0.000000000000,0.120033333333,0.416666666667),
double3(0.461420000000,0.151166666667,0.490306666667),
double3(0.489750000000,0.207300000000,0.519233333333),
double3(0.486000000000,0.226666666667,0.511000000000),
double3(0.283600000000,0.009333333333,0.403133333333),
double3(0.310000000000,0.043733333333,0.460133333333),
double3(0.434200000000,0.091066666667,0.463166666667),
double3(0.460000000000,0.068900000000,0.410533333333),
double3(0.336650000000,0.020966666667,0.364966666667),
double3(0.308750000000,0.029900000000,0.423800000000),
double3(0.339700000000,0.038366666667,0.403800000000),
double3(0.434100000000,0.074100000000,0.428733333333),
double3(0.400150000000,0.053800000000,0.405833333333),
double3(0.371150000000,0.054033333333,0.424733333333),
double3(0.372868500000,0.064760333333,0.451630333333),
double3(0.364650000000,0.021933333333,0.347266666667),
double3(0.362404500000,0.011373000000,0.653614666667),
double3(0.397100000000,0.037566666667,0.366166666667),
double3(0.416002500000,0.037021000000,0.352465000000),
double3(0.000000000000,0.120033333333,0.750000000000),
double3(0.461420000000,0.151166666667,0.823640000000),
double3(0.489750000000,0.207300000000,0.852566666667),
double3(0.486000000000,0.226666666667,0.844333333333),
double3(0.283600000000,0.009333333333,0.736466666667),
double3(0.310000000000,0.043733333333,0.793466666667),
double3(0.434200000000,0.091066666667,0.796500000000),
double3(0.460000000000,0.068900000000,0.743866666667),
double3(0.336650000000,0.020966666667,0.698300000000),
double3(0.308750000000,0.029900000000,0.757133333333),
double3(0.339700000000,0.038366666667,0.737133333333),
double3(0.434100000000,0.074100000000,0.762066666667),
double3(0.400150000000,0.053800000000,0.739166666667),
double3(0.371150000000,0.054033333333,0.758066666667),
double3(0.372868500000,0.064760333333,0.784963666667),
double3(0.364650000000,0.021933333333,0.680600000000),
double3(0.362404500000,0.011373000000,0.986948000000),
double3(0.397100000000,0.037566666667,0.699500000000),
double3(0.416002500000,0.037021000000,0.685798333333),
double3(0.000000000000,0.453366666667,0.083333333333),
double3(0.461420000000,0.484500000000,0.156973333333),
double3(0.489750000000,0.540633333333,0.185900000000),
double3(0.486000000000,0.560000000000,0.177666666667),
double3(0.283600000000,0.342666666667,0.069800000000),
double3(0.310000000000,0.377066666667,0.126800000000),
double3(0.434200000000,0.424400000000,0.129833333333),
double3(0.460000000000,0.402233333333,0.077200000000),
double3(0.336650000000,0.354300000000,0.031633333333),
double3(0.308750000000,0.363233333333,0.090466666667),
double3(0.339700000000,0.371700000000,0.070466666667),
double3(0.434100000000,0.407433333333,0.095400000000),
double3(0.400150000000,0.387133333333,0.072500000000),
double3(0.371150000000,0.387366666667,0.091400000000),
double3(0.372868500000,0.398093666667,0.118297000000),
double3(0.364650000000,0.355266666667,0.013933333333),
double3(0.362404500000,0.344706333333,0.320281333333),
double3(0.397100000000,0.370900000000,0.032833333333),
double3(0.416002500000,0.370354333333,0.019131666667),
double3(0.000000000000,0.453366666667,0.416666666667),
double3(0.461420000000,0.484500000000,0.490306666667),
double3(0.489750000000,0.540633333333,0.519233333333),
double3(0.486000000000,0.560000000000,0.511000000000),
double3(0.283600000000,0.342666666667,0.403133333333),
double3(0.310000000000,0.377066666667,0.460133333333),
double3(0.434200000000,0.424400000000,0.463166666667),
double3(0.460000000000,0.402233333333,0.410533333333),
double3(0.336650000000,0.354300000000,0.364966666667),
double3(0.308750000000,0.363233333333,0.423800000000),
double3(0.339700000000,0.371700000000,0.403800000000),
double3(0.434100000000,0.407433333333,0.428733333333),
double3(0.400150000000,0.387133333333,0.405833333333),
double3(0.371150000000,0.387366666667,0.424733333333),
double3(0.372868500000,0.398093666667,0.451630333333),
double3(0.364650000000,0.355266666667,0.347266666667),
double3(0.362404500000,0.344706333333,0.653614666667),
double3(0.397100000000,0.370900000000,0.366166666667),
double3(0.416002500000,0.370354333333,0.352465000000),
double3(0.000000000000,0.453366666667,0.750000000000),
double3(0.461420000000,0.484500000000,0.823640000000),
double3(0.489750000000,0.540633333333,0.852566666667),
double3(0.486000000000,0.560000000000,0.844333333333),
double3(0.283600000000,0.342666666667,0.736466666667),
double3(0.310000000000,0.377066666667,0.793466666667),
double3(0.434200000000,0.424400000000,0.796500000000),
double3(0.460000000000,0.402233333333,0.743866666667),
double3(0.336650000000,0.354300000000,0.698300000000),
double3(0.308750000000,0.363233333333,0.757133333333),
double3(0.339700000000,0.371700000000,0.737133333333),
double3(0.434100000000,0.407433333333,0.762066666667),
double3(0.400150000000,0.387133333333,0.739166666667),
double3(0.371150000000,0.387366666667,0.758066666667),
double3(0.372868500000,0.398093666667,0.784963666667),
double3(0.364650000000,0.355266666667,0.680600000000),
double3(0.362404500000,0.344706333333,0.986948000000),
double3(0.397100000000,0.370900000000,0.699500000000),
double3(0.416002500000,0.370354333333,0.685798333333),
double3(0.000000000000,0.786700000000,0.083333333333),
double3(0.461420000000,0.817833333333,0.156973333333),
double3(0.489750000000,0.873966666667,0.185900000000),
double3(0.486000000000,0.893333333333,0.177666666667),
double3(0.283600000000,0.676000000000,0.069800000000),
double3(0.310000000000,0.710400000000,0.126800000000),
double3(0.434200000000,0.757733333333,0.129833333333),
double3(0.460000000000,0.735566666667,0.077200000000),
double3(0.336650000000,0.687633333333,0.031633333333),
double3(0.308750000000,0.696566666667,0.090466666667),
double3(0.339700000000,0.705033333333,0.070466666667),
double3(0.434100000000,0.740766666667,0.095400000000),
double3(0.400150000000,0.720466666667,0.072500000000),
double3(0.371150000000,0.720700000000,0.091400000000),
double3(0.372868500000,0.731427000000,0.118297000000),
double3(0.364650000000,0.688600000000,0.013933333333),
double3(0.362404500000,0.678039666667,0.320281333333),
double3(0.397100000000,0.704233333333,0.032833333333),
double3(0.416002500000,0.703687666667,0.019131666667),
double3(0.000000000000,0.786700000000,0.416666666667),
double3(0.461420000000,0.817833333333,0.490306666667),
double3(0.489750000000,0.873966666667,0.519233333333),
double3(0.486000000000,0.893333333333,0.511000000000),
double3(0.283600000000,0.676000000000,0.403133333333),
double3(0.310000000000,0.710400000000,0.460133333333),
double3(0.434200000000,0.757733333333,0.463166666667),
double3(0.460000000000,0.735566666667,0.410533333333),
double3(0.336650000000,0.687633333333,0.364966666667),
double3(0.308750000000,0.696566666667,0.423800000000),
double3(0.339700000000,0.705033333333,0.403800000000),
double3(0.434100000000,0.740766666667,0.428733333333),
double3(0.400150000000,0.720466666667,0.405833333333),
double3(0.371150000000,0.720700000000,0.424733333333),
double3(0.372868500000,0.731427000000,0.451630333333),
double3(0.364650000000,0.688600000000,0.347266666667),
double3(0.362404500000,0.678039666667,0.653614666667),
double3(0.397100000000,0.704233333333,0.366166666667),
double3(0.416002500000,0.703687666667,0.352465000000),
double3(0.000000000000,0.786700000000,0.750000000000),
double3(0.461420000000,0.817833333333,0.823640000000),
double3(0.489750000000,0.873966666667,0.852566666667),
double3(0.486000000000,0.893333333333,0.844333333333),
double3(0.283600000000,0.676000000000,0.736466666667),
double3(0.310000000000,0.710400000000,0.793466666667),
double3(0.434200000000,0.757733333333,0.796500000000),
double3(0.460000000000,0.735566666667,0.743866666667),
double3(0.336650000000,0.687633333333,0.698300000000),
double3(0.308750000000,0.696566666667,0.757133333333),
double3(0.339700000000,0.705033333333,0.737133333333),
double3(0.434100000000,0.740766666667,0.762066666667),
double3(0.400150000000,0.720466666667,0.739166666667),
double3(0.371150000000,0.720700000000,0.758066666667),
double3(0.372868500000,0.731427000000,0.784963666667),
double3(0.364650000000,0.688600000000,0.680600000000),
double3(0.362404500000,0.678039666667,0.986948000000),
double3(0.397100000000,0.704233333333,0.699500000000),
double3(0.416002500000,0.703687666667,0.685798333333),
double3(0.500000000000,0.120033333333,0.083333333333),
double3(0.961420000000,0.151166666667,0.156973333333),
double3(0.989750000000,0.207300000000,0.185900000000),
double3(0.986000000000,0.226666666667,0.177666666667),
double3(0.783600000000,0.009333333333,0.069800000000),
double3(0.810000000000,0.043733333333,0.126800000000),
double3(0.934200000000,0.091066666667,0.129833333333),
double3(0.960000000000,0.068900000000,0.077200000000),
double3(0.836650000000,0.020966666667,0.031633333333),
double3(0.808750000000,0.029900000000,0.090466666667),
double3(0.839700000000,0.038366666667,0.070466666667),
double3(0.934100000000,0.074100000000,0.095400000000),
double3(0.900150000000,0.053800000000,0.072500000000),
double3(0.871150000000,0.054033333333,0.091400000000),
double3(0.872868500000,0.064760333333,0.118297000000),
double3(0.864650000000,0.021933333333,0.013933333333),
double3(0.862404500000,0.011373000000,0.320281333333),
double3(0.897100000000,0.037566666667,0.032833333333),
double3(0.916002500000,0.037021000000,0.019131666667),
double3(0.500000000000,0.120033333333,0.416666666667),
double3(0.961420000000,0.151166666667,0.490306666667),
double3(0.989750000000,0.207300000000,0.519233333333),
double3(0.986000000000,0.226666666667,0.511000000000),
double3(0.783600000000,0.009333333333,0.403133333333),
double3(0.810000000000,0.043733333333,0.460133333333),
double3(0.934200000000,0.091066666667,0.463166666667),
double3(0.960000000000,0.068900000000,0.410533333333),
double3(0.836650000000,0.020966666667,0.364966666667),
double3(0.808750000000,0.029900000000,0.423800000000),
double3(0.839700000000,0.038366666667,0.403800000000),
double3(0.934100000000,0.074100000000,0.428733333333),
double3(0.900150000000,0.053800000000,0.405833333333),
double3(0.871150000000,0.054033333333,0.424733333333),
double3(0.872868500000,0.064760333333,0.451630333333),
double3(0.864650000000,0.021933333333,0.347266666667),
double3(0.862404500000,0.011373000000,0.653614666667),
double3(0.897100000000,0.037566666667,0.366166666667),
double3(0.916002500000,0.037021000000,0.352465000000),
double3(0.500000000000,0.120033333333,0.750000000000),
double3(0.961420000000,0.151166666667,0.823640000000),
double3(0.989750000000,0.207300000000,0.852566666667),
double3(0.986000000000,0.226666666667,0.844333333333),
double3(0.783600000000,0.009333333333,0.736466666667),
double3(0.810000000000,0.043733333333,0.793466666667),
double3(0.934200000000,0.091066666667,0.796500000000),
double3(0.960000000000,0.068900000000,0.743866666667),
double3(0.836650000000,0.020966666667,0.698300000000),
double3(0.808750000000,0.029900000000,0.757133333333),
double3(0.839700000000,0.038366666667,0.737133333333),
double3(0.934100000000,0.074100000000,0.762066666667),
double3(0.900150000000,0.053800000000,0.739166666667),
double3(0.871150000000,0.054033333333,0.758066666667),
double3(0.872868500000,0.064760333333,0.784963666667),
double3(0.864650000000,0.021933333333,0.680600000000),
double3(0.862404500000,0.011373000000,0.986948000000),
double3(0.897100000000,0.037566666667,0.699500000000),
double3(0.916002500000,0.037021000000,0.685798333333),
double3(0.500000000000,0.453366666667,0.083333333333),
double3(0.961420000000,0.484500000000,0.156973333333),
double3(0.989750000000,0.540633333333,0.185900000000),
double3(0.986000000000,0.560000000000,0.177666666667),
double3(0.783600000000,0.342666666667,0.069800000000),
double3(0.810000000000,0.377066666667,0.126800000000),
double3(0.934200000000,0.424400000000,0.129833333333),
double3(0.960000000000,0.402233333333,0.077200000000),
double3(0.836650000000,0.354300000000,0.031633333333),
double3(0.808750000000,0.363233333333,0.090466666667),
double3(0.839700000000,0.371700000000,0.070466666667),
double3(0.934100000000,0.407433333333,0.095400000000),
double3(0.900150000000,0.387133333333,0.072500000000),
double3(0.871150000000,0.387366666667,0.091400000000),
double3(0.872868500000,0.398093666667,0.118297000000),
double3(0.864650000000,0.355266666667,0.013933333333),
double3(0.862404500000,0.344706333333,0.320281333333),
double3(0.897100000000,0.370900000000,0.032833333333),
double3(0.916002500000,0.370354333333,0.019131666667),
double3(0.500000000000,0.453366666667,0.416666666667),
double3(0.961420000000,0.484500000000,0.490306666667),
double3(0.989750000000,0.540633333333,0.519233333333),
double3(0.986000000000,0.560000000000,0.511000000000),
double3(0.783600000000,0.342666666667,0.403133333333),
double3(0.810000000000,0.377066666667,0.460133333333),
double3(0.934200000000,0.424400000000,0.463166666667),
double3(0.960000000000,0.402233333333,0.410533333333),
double3(0.836650000000,0.354300000000,0.364966666667),
double3(0.808750000000,0.363233333333,0.423800000000),
double3(0.839700000000,0.371700000000,0.403800000000),
double3(0.934100000000,0.407433333333,0.428733333333),
double3(0.900150000000,0.387133333333,0.405833333333),
double3(0.871150000000,0.387366666667,0.424733333333),
double3(0.872868500000,0.398093666667,0.451630333333),
double3(0.864650000000,0.355266666667,0.347266666667),
double3(0.862404500000,0.344706333333,0.653614666667),
double3(0.897100000000,0.370900000000,0.366166666667),
double3(0.916002500000,0.370354333333,0.352465000000),
double3(0.500000000000,0.453366666667,0.750000000000),
double3(0.961420000000,0.484500000000,0.823640000000),
double3(0.989750000000,0.540633333333,0.852566666667),
double3(0.986000000000,0.560000000000,0.844333333333),
double3(0.783600000000,0.342666666667,0.736466666667),
double3(0.810000000000,0.377066666667,0.793466666667),
double3(0.934200000000,0.424400000000,0.796500000000),
double3(0.960000000000,0.402233333333,0.743866666667),
double3(0.836650000000,0.354300000000,0.698300000000),
double3(0.808750000000,0.363233333333,0.757133333333),
double3(0.839700000000,0.371700000000,0.737133333333),
double3(0.934100000000,0.407433333333,0.762066666667),
double3(0.900150000000,0.387133333333,0.739166666667),
double3(0.871150000000,0.387366666667,0.758066666667),
double3(0.872868500000,0.398093666667,0.784963666667),
double3(0.864650000000,0.355266666667,0.680600000000),
double3(0.862404500000,0.344706333333,0.986948000000),
double3(0.897100000000,0.370900000000,0.699500000000),
double3(0.916002500000,0.370354333333,0.685798333333),
double3(0.500000000000,0.786700000000,0.083333333333),
double3(0.961420000000,0.817833333333,0.156973333333),
double3(0.989750000000,0.873966666667,0.185900000000),
double3(0.986000000000,0.893333333333,0.177666666667),
double3(0.783600000000,0.676000000000,0.069800000000),
double3(0.810000000000,0.710400000000,0.126800000000),
double3(0.934200000000,0.757733333333,0.129833333333),
double3(0.960000000000,0.735566666667,0.077200000000),
double3(0.836650000000,0.687633333333,0.031633333333),
double3(0.808750000000,0.696566666667,0.090466666667),
double3(0.839700000000,0.705033333333,0.070466666667),
double3(0.934100000000,0.740766666667,0.095400000000),
double3(0.900150000000,0.720466666667,0.072500000000),
double3(0.871150000000,0.720700000000,0.091400000000),
double3(0.872868500000,0.731427000000,0.118297000000),
double3(0.864650000000,0.688600000000,0.013933333333),
double3(0.862404500000,0.678039666667,0.320281333333),
double3(0.897100000000,0.704233333333,0.032833333333),
double3(0.916002500000,0.703687666667,0.019131666667),
double3(0.500000000000,0.786700000000,0.416666666667),
double3(0.961420000000,0.817833333333,0.490306666667),
double3(0.989750000000,0.873966666667,0.519233333333),
double3(0.986000000000,0.893333333333,0.511000000000),
double3(0.783600000000,0.676000000000,0.403133333333),
double3(0.810000000000,0.710400000000,0.460133333333),
double3(0.934200000000,0.757733333333,0.463166666667),
double3(0.960000000000,0.735566666667,0.410533333333),
double3(0.836650000000,0.687633333333,0.364966666667),
double3(0.808750000000,0.696566666667,0.423800000000),
double3(0.839700000000,0.705033333333,0.403800000000),
double3(0.934100000000,0.740766666667,0.428733333333),
double3(0.900150000000,0.720466666667,0.405833333333),
double3(0.871150000000,0.720700000000,0.424733333333),
double3(0.872868500000,0.731427000000,0.451630333333),
double3(0.864650000000,0.688600000000,0.347266666667),
double3(0.862404500000,0.678039666667,0.653614666667),
double3(0.897100000000,0.704233333333,0.366166666667),
double3(0.916002500000,0.703687666667,0.352465000000),
double3(0.500000000000,0.786700000000,0.750000000000),
double3(0.961420000000,0.817833333333,0.823640000000),
double3(0.989750000000,0.873966666667,0.852566666667),
double3(0.986000000000,0.893333333333,0.844333333333),
double3(0.783600000000,0.676000000000,0.736466666667),
double3(0.810000000000,0.710400000000,0.793466666667),
double3(0.934200000000,0.757733333333,0.796500000000),
double3(0.960000000000,0.735566666667,0.743866666667),
double3(0.836650000000,0.687633333333,0.698300000000),
double3(0.808750000000,0.696566666667,0.757133333333),
double3(0.839700000000,0.705033333333,0.737133333333),
double3(0.934100000000,0.740766666667,0.762066666667),
double3(0.900150000000,0.720466666667,0.739166666667),
double3(0.871150000000,0.720700000000,0.758066666667),
double3(0.872868500000,0.731427000000,0.784963666667),
double3(0.864650000000,0.688600000000,0.680600000000),
double3(0.862404500000,0.678039666667,0.986948000000),
double3(0.897100000000,0.704233333333,0.699500000000),
double3(0.916002500000,0.703687666667,0.685798333333),
