[double3(30.922000000000,0.000000000000,0.000000000000),double3(0.000000000000,30.922000000000,0.000000000000),double3(0.000000000000,0.000000000000,30.922000000000)]

double3(0.314600000000,0.314600000000,0.185386000000),
double3(0.339300000000,0.274600000000,0.225399000000),
double3(0.382000000000,0.266200000000,0.233787000000),
double3(0.314100000000,0.250000000000,0.250000000000),
double3(0.420700000000,0.280900000000,0.219098000000),
double3(0.461400000000,0.266100000000,0.233911000000),
double3(0.500000000000,0.282000000000,0.218045000000),
double3(0.250000000000,0.250000000000,0.250000000000),
double3(0.356600000000,0.356600000000,0.196700000000),
double3(0.143400000000,0.143400000000,0.143390000000),
double3(0.420453000000,0.302166000000,0.197834000000),
double3(0.125092000000,0.125092000000,0.125092000000),
