[double3(19.602600000000,0.000000000000,0.000000000000),double3(0.000000000000,9.201400000000,0.000000000000),double3(-1.809057087402,0.000000000000,10.887528034155)]

double3(0.288575000000,0.182133333333,0.176383333333),
double3(0.000000000000,0.286633333333,0.083333333333),
double3(0.260400000000,0.125866666667,0.147533333333),
double3(0.265000000000,0.101333333333,0.158000000000),
double3(0.310000000000,0.210500000000,0.126800000000),
double3(0.283750000000,0.176266666667,0.069833333333),
double3(0.434350000000,0.257400000000,0.129833333333),
double3(0.459900000000,0.235866666667,0.077233333333),
double3(0.336800000000,0.187633333333,0.031400000000),
double3(0.434200000000,0.240300000000,0.095600000000),
double3(0.371200000000,0.220633333333,0.091466666667),
double3(0.372869000000,0.231147666667,0.118396000000),
double3(0.400200000000,0.220566666667,0.072466666667),
double3(0.365050000000,0.189100000000,0.013766666667),
double3(0.362938000000,0.179014333333,0.320020666667),
double3(0.339850000000,0.205033333333,0.070400000000),
double3(0.397100000000,0.204533333333,0.032900000000),
double3(0.416089500000,0.204026666667,0.019311333333),
double3(0.309000000000,0.196066666667,0.090933333333),
double3(0.288575000000,0.182133333333,0.509716666667),
double3(0.000000000000,0.286633333333,0.416666666667),
double3(0.260400000000,0.125866666667,0.480866666667),
double3(0.265000000000,0.101333333333,0.491333333333),
double3(0.310000000000,0.210500000000,0.460133333333),
double3(0.283750000000,0.176266666667,0.403166666667),
double3(0.434350000000,0.257400000000,0.463166666667),
double3(0.459900000000,0.235866666667,0.410566666667),
double3(0.336800000000,0.187633333333,0.364733333333),
double3(0.434200000000,0.240300000000,0.428933333333),
double3(0.371200000000,0.220633333333,0.424800000000),
double3(0.372869000000,0.231147666667,0.451729333333),
double3(0.400200000000,0.220566666667,0.405800000000),
double3(0.365050000000,0.189100000000,0.347100000000),
double3(0.362938000000,0.179014333333,0.653354000000),
double3(0.339850000000,0.205033333333,0.403733333333),
double3(0.397100000000,0.204533333333,0.366233333333),
double3(0.416089500000,0.204026666667,0.352644666667),
double3(0.309000000000,0.196066666667,0.424266666667),
double3(0.288575000000,0.182133333333,0.843050000000),
double3(0.000000000000,0.286633333333,0.750000000000),
double3(0.260400000000,0.125866666667,0.814200000000),
double3(0.265000000000,0.101333333333,0.824666666667),
double3(0.310000000000,0.210500000000,0.793466666667),
double3(0.283750000000,0.176266666667,0.736500000000),
double3(0.434350000000,0.257400000000,0.796500000000),
double3(0.459900000000,0.235866666667,0.743900000000),
double3(0.336800000000,0.187633333333,0.698066666667),
double3(0.434200000000,0.240300000000,0.762266666667),
double3(0.371200000000,0.220633333333,0.758133333333),
double3(0.372869000000,0.231147666667,0.785062666667),
double3(0.400200000000,0.220566666667,0.739133333333),
double3(0.365050000000,0.189100000000,0.680433333333),
double3(0.362938000000,0.179014333333,0.986687333333),
double3(0.339850000000,0.205033333333,0.737066666667),
double3(0.397100000000,0.204533333333,0.699566666667),
double3(0.416089500000,0.204026666667,0.685978000000),
double3(0.309000000000,0.196066666667,0.757600000000),
double3(0.288575000000,0.515466666667,0.176383333333),
double3(0.000000000000,0.619966666667,0.083333333333),
double3(0.260400000000,0.459200000000,0.147533333333),
double3(0.265000000000,0.434666666667,0.158000000000),
double3(0.310000000000,0.543833333333,0.126800000000),
double3(0.283750000000,0.509600000000,0.069833333333),
double3(0.434350000000,0.590733333333,0.129833333333),
double3(0.459900000000,0.569200000000,0.077233333333),
double3(0.336800000000,0.520966666667,0.031400000000),
double3(0.434200000000,0.573633333333,0.095600000000),
double3(0.371200000000,0.553966666667,0.091466666667),
double3(0.372869000000,0.564481000000,0.118396000000),
double3(0.400200000000,0.553900000000,0.072466666667),
double3(0.365050000000,0.522433333333,0.013766666667),
double3(0.362938000000,0.512347666667,0.320020666667),
double3(0.339850000000,0.538366666667,0.070400000000),
double3(0.397100000000,0.537866666667,0.032900000000),
double3(0.416089500000,0.537360000000,0.019311333333),
double3(0.309000000000,0.529400000000,0.090933333333),
double3(0.288575000000,0.515466666667,0.509716666667),
double3(0.000000000000,0.619966666667,0.416666666667),
double3(0.260400000000,0.459200000000,0.480866666667),
double3(0.265000000000,0.434666666667,0.491333333333),
double3(0.310000000000,0.543833333333,0.460133333333),
double3(0.283750000000,0.509600000000,0.403166666667),
double3(0.434350000000,0.590733333333,0.463166666667),
double3(0.459900000000,0.569200000000,0.410566666667),
double3(0.336800000000,0.520966666667,0.364733333333),
double3(0.434200000000,0.573633333333,0.428933333333),
double3(0.371200000000,0.553966666667,0.424800000000),
double3(0.372869000000,0.564481000000,0.451729333333),
double3(0.400200000000,0.553900000000,0.405800000000),
double3(0.365050000000,0.522433333333,0.347100000000),
double3(0.362938000000,0.512347666667,0.653354000000),
double3(0.339850000000,0.538366666667,0.403733333333),
double3(0.397100000000,0.537866666667,0.366233333333),
double3(0.416089500000,0.537360000000,0.352644666667),
double3(0.309000000000,0.529400000000,0.424266666667),
double3(0.288575000000,0.515466666667,0.843050000000),
double3(0.000000000000,0.619966666667,0.750000000000),
double3(0.260400000000,0.459200000000,0.814200000000),
double3(0.265000000000,0.434666666667,0.824666666667),
double3(0.310000000000,0.543833333333,0.793466666667),
double3(0.283750000000,0.509600000000,0.736500000000),
double3(0.434350000000,0.590733333333,0.796500000000),
double3(0.459900000000,0.569200000000,0.743900000000),
double3(0.336800000000,0.520966666667,0.698066666667),
double3(0.434200000000,0.573633333333,0.762266666667),
double3(0.371200000000,0.553966666667,0.758133333333),
double3(0.372869000000,0.564481000000,0.785062666667),
double3(0.400200000000,0.553900000000,0.739133333333),
double3(0.365050000000,0.522433333333,0.680433333333),
double3(0.362938000000,0.512347666667,0.986687333333),
double3(0.339850000000,0.538366666667,0.737066666667),
double3(0.397100000000,0.537866666667,0.699566666667),
double3(0.416089500000,0.537360000000,0.685978000000),
double3(0.309000000000,0.529400000000,0.757600000000),
double3(0.288575000000,0.848800000000,0.176383333333),
double3(0.000000000000,0.953300000000,0.083333333333),
double3(0.260400000000,0.792533333333,0.147533333333),
double3(0.265000000000,0.768000000000,0.158000000000),
double3(0.310000000000,0.877166666667,0.126800000000),
double3(0.283750000000,0.842933333333,0.069833333333),
double3(0.434350000000,0.924066666667,0.129833333333),
double3(0.459900000000,0.902533333333,0.077233333333),
double3(0.336800000000,0.854300000000,0.031400000000),
double3(0.434200000000,0.906966666667,0.095600000000),
double3(0.371200000000,0.887300000000,0.091466666667),
double3(0.372869000000,0.897814333333,0.118396000000),
double3(0.400200000000,0.887233333333,0.072466666667),
double3(0.365050000000,0.855766666667,0.013766666667),
double3(0.362938000000,0.845681000000,0.320020666667),
double3(0.339850000000,0.871700000000,0.070400000000),
double3(0.397100000000,0.871200000000,0.032900000000),
double3(0.416089500000,0.870693333333,0.019311333333),
double3(0.309000000000,0.862733333333,0.090933333333),
double3(0.288575000000,0.848800000000,0.509716666667),
double3(0.000000000000,0.953300000000,0.416666666667),
double3(0.260400000000,0.792533333333,0.480866666667),
double3(0.265000000000,0.768000000000,0.491333333333),
double3(0.310000000000,0.877166666667,0.460133333333),
double3(0.283750000000,0.842933333333,0.403166666667),
double3(0.434350000000,0.924066666667,0.463166666667),
double3(0.459900000000,0.902533333333,0.410566666667),
double3(0.336800000000,0.854300000000,0.364733333333),
double3(0.434200000000,0.906966666667,0.428933333333),
double3(0.371200000000,0.887300000000,0.424800000000),
double3(0.372869000000,0.897814333333,0.451729333333),
double3(0.400200000000,0.887233333333,0.405800000000),
double3(0.365050000000,0.855766666667,0.347100000000),
double3(0.362938000000,0.845681000000,0.653354000000),
double3(0.339850000000,0.871700000000,0.403733333333),
double3(0.397100000000,0.871200000000,0.366233333333),
double3(0.416089500000,0.870693333333,0.352644666667),
double3(0.309000000000,0.862733333333,0.424266666667),
double3(0.288575000000,0.848800000000,0.843050000000),
double3(0.000000000000,0.953300000000,0.750000000000),
double3(0.260400000000,0.792533333333,0.814200000000),
double3(0.265000000000,0.768000000000,0.824666666667),
double3(0.310000000000,0.877166666667,0.793466666667),
double3(0.283750000000,0.842933333333,0.736500000000),
double3(0.434350000000,0.924066666667,0.796500000000),
double3(0.459900000000,0.902533333333,0.743900000000),
double3(0.336800000000,0.854300000000,0.698066666667),
double3(0.434200000000,0.906966666667,0.762266666667),
double3(0.371200000000,0.887300000000,0.758133333333),
double3(0.372869000000,0.897814333333,0.785062666667),
double3(0.400200000000,0.887233333333,0.739133333333),
double3(0.365050000000,0.855766666667,0.680433333333),
double3(0.362938000000,0.845681000000,0.986687333333),
double3(0.339850000000,0.871700000000,0.737066666667),
double3(0.397100000000,0.871200000000,0.699566666667),
double3(0.416089500000,0.870693333333,0.685978000000),
double3(0.309000000000,0.862733333333,0.757600000000),
double3(0.788575000000,0.182133333333,0.176383333333),
double3(0.500000000000,0.286633333333,0.083333333333),
double3(0.760400000000,0.125866666667,0.147533333333),
double3(0.765000000000,0.101333333333,0.158000000000),
double3(0.810000000000,0.210500000000,0.126800000000),
double3(0.783750000000,0.176266666667,0.069833333333),
double3(0.934350000000,0.257400000000,0.129833333333),
double3(0.959900000000,0.235866666667,0.077233333333),
double3(0.836800000000,0.187633333333,0.031400000000),
double3(0.934200000000,0.240300000000,0.095600000000),
double3(0.871200000000,0.220633333333,0.091466666667),
double3(0.872869000000,0.231147666667,0.118396000000),
double3(0.900200000000,0.220566666667,0.072466666667),
double3(0.865050000000,0.189100000000,0.013766666667),
double3(0.862938000000,0.179014333333,0.320020666667),
double3(0.839850000000,0.205033333333,0.070400000000),
double3(0.897100000000,0.204533333333,0.032900000000),
double3(0.916089500000,0.204026666667,0.019311333333),
double3(0.809000000000,0.196066666667,0.090933333333),
double3(0.788575000000,0.182133333333,0.509716666667),
double3(0.500000000000,0.286633333333,0.416666666667),
double3(0.760400000000,0.125866666667,0.480866666667),
double3(0.765000000000,0.101333333333,0.491333333333),
double3(0.810000000000,0.210500000000,0.460133333333),
double3(0.783750000000,0.176266666667,0.403166666667),
double3(0.934350000000,0.257400000000,0.463166666667),
double3(0.959900000000,0.235866666667,0.410566666667),
double3(0.836800000000,0.187633333333,0.364733333333),
double3(0.934200000000,0.240300000000,0.428933333333),
double3(0.871200000000,0.220633333333,0.424800000000),
double3(0.872869000000,0.231147666667,0.451729333333),
double3(0.900200000000,0.220566666667,0.405800000000),
double3(0.865050000000,0.189100000000,0.347100000000),
double3(0.862938000000,0.179014333333,0.653354000000),
double3(0.839850000000,0.205033333333,0.403733333333),
double3(0.897100000000,0.204533333333,0.366233333333),
double3(0.916089500000,0.204026666667,0.352644666667),
double3(0.809000000000,0.196066666667,0.424266666667),
double3(0.788575000000,0.182133333333,0.843050000000),
double3(0.500000000000,0.286633333333,0.750000000000),
double3(0.760400000000,0.125866666667,0.814200000000),
double3(0.765000000000,0.101333333333,0.824666666667),
double3(0.810000000000,0.210500000000,0.793466666667),
double3(0.783750000000,0.176266666667,0.736500000000),
double3(0.934350000000,0.257400000000,0.796500000000),
double3(0.959900000000,0.235866666667,0.743900000000),
double3(0.836800000000,0.187633333333,0.698066666667),
double3(0.934200000000,0.240300000000,0.762266666667),
double3(0.871200000000,0.220633333333,0.758133333333),
double3(0.872869000000,0.231147666667,0.785062666667),
double3(0.900200000000,0.220566666667,0.739133333333),
double3(0.865050000000,0.189100000000,0.680433333333),
double3(0.862938000000,0.179014333333,0.986687333333),
double3(0.839850000000,0.205033333333,0.737066666667),
double3(0.897100000000,0.204533333333,0.699566666667),
double3(0.916089500000,0.204026666667,0.685978000000),
double3(0.809000000000,0.196066666667,0.757600000000),
double3(0.788575000000,0.515466666667,0.176383333333),
double3(0.500000000000,0.619966666667,0.083333333333),
double3(0.760400000000,0.459200000000,0.147533333333),
double3(0.765000000000,0.434666666667,0.158000000000),
double3(0.810000000000,0.543833333333,0.126800000000),
double3(0.783750000000,0.509600000000,0.069833333333),
double3(0.934350000000,0.590733333333,0.129833333333),
double3(0.959900000000,0.569200000000,0.077233333333),
double3(0.836800000000,0.520966666667,0.031400000000),
double3(0.934200000000,0.573633333333,0.095600000000),
double3(0.871200000000,0.553966666667,0.091466666667),
double3(0.872869000000,0.564481000000,0.118396000000),
double3(0.900200000000,0.553900000000,0.072466666667),
double3(0.865050000000,0.522433333333,0.013766666667),
double3(0.862938000000,0.512347666667,0.320020666667),
double3(0.839850000000,0.538366666667,0.070400000000),
double3(0.897100000000,0.537866666667,0.032900000000),
double3(0.916089500000,0.537360000000,0.019311333333),
double3(0.809000000000,0.529400000000,0.090933333333),
double3(0.788575000000,0.515466666667,0.509716666667),
double3(0.500000000000,0.619966666667,0.416666666667),
double3(0.760400000000,0.459200000000,0.480866666667),
double3(0.765000000000,0.434666666667,0.491333333333),
double3(0.810000000000,0.543833333333,0.460133333333),
double3(0.783750000000,0.509600000000,0.403166666667),
double3(0.934350000000,0.590733333333,0.463166666667),
double3(0.959900000000,0.569200000000,0.410566666667),
double3(0.836800000000,0.520966666667,0.364733333333),
double3(0.934200000000,0.573633333333,0.428933333333),
double3(0.871200000000,0.553966666667,0.424800000000),
double3(0.872869000000,0.564481000000,0.451729333333),
double3(0.900200000000,0.553900000000,0.405800000000),
double3(0.865050000000,0.522433333333,0.347100000000),
double3(0.862938000000,0.512347666667,0.653354000000),
double3(0.839850000000,0.538366666667,0.403733333333),
double3(0.897100000000,0.537866666667,0.366233333333),
double3(0.916089500000,0.537360000000,0.352644666667),
double3(0.809000000000,0.529400000000,0.424266666667),
double3(0.788575000000,0.515466666667,0.843050000000),
double3(0.500000000000,0.619966666667,0.750000000000),
double3(0.760400000000,0.459200000000,0.814200000000),
double3(0.765000000000,0.434666666667,0.824666666667),
double3(0.810000000000,0.543833333333,0.793466666667),
double3(0.783750000000,0.509600000000,0.736500000000),
double3(0.934350000000,0.590733333333,0.796500000000),
double3(0.959900000000,0.569200000000,0.743900000000),
double3(0.836800000000,0.520966666667,0.698066666667),
double3(0.934200000000,0.573633333333,0.762266666667),
double3(0.871200000000,0.553966666667,0.758133333333),
double3(0.872869000000,0.564481000000,0.785062666667),
double3(0.900200000000,0.553900000000,0.739133333333),
double3(0.865050000000,0.522433333333,0.680433333333),
double3(0.862938000000,0.512347666667,0.986687333333),
double3(0.839850000000,0.538366666667,0.737066666667),
double3(0.897100000000,0.537866666667,0.699566666667),
double3(0.916089500000,0.537360000000,0.685978000000),
double3(0.809000000000,0.529400000000,0.757600000000),
double3(0.788575000000,0.848800000000,0.176383333333),
double3(0.500000000000,0.953300000000,0.083333333333),
double3(0.760400000000,0.792533333333,0.147533333333),
double3(0.765000000000,0.768000000000,0.158000000000),
double3(0.810000000000,0.877166666667,0.126800000000),
double3(0.783750000000,0.842933333333,0.069833333333),
double3(0.934350000000,0.924066666667,0.129833333333),
double3(0.959900000000,0.902533333333,0.077233333333),
double3(0.836800000000,0.854300000000,0.031400000000),
double3(0.934200000000,0.906966666667,0.095600000000),
double3(0.871200000000,0.887300000000,0.091466666667),
double3(0.872869000000,0.897814333333,0.118396000000),
double3(0.900200000000,0.887233333333,0.072466666667),
double3(0.865050000000,0.855766666667,0.013766666667),
double3(0.862938000000,0.845681000000,0.320020666667),
double3(0.839850000000,0.871700000000,0.070400000000),
double3(0.897100000000,0.871200000000,0.032900000000),
double3(0.916089500000,0.870693333333,0.019311333333),
double3(0.809000000000,0.862733333333,0.090933333333),
double3(0.788575000000,0.848800000000,0.509716666667),
double3(0.500000000000,0.953300000000,0.416666666667),
double3(0.760400000000,0.792533333333,0.480866666667),
double3(0.765000000000,0.768000000000,0.491333333333),
double3(0.810000000000,0.877166666667,0.460133333333),
double3(0.783750000000,0.842933333333,0.403166666667),
double3(0.934350000000,0.924066666667,0.463166666667),
double3(0.959900000000,0.902533333333,0.410566666667),
double3(0.836800000000,0.854300000000,0.364733333333),
double3(0.934200000000,0.906966666667,0.428933333333),
double3(0.871200000000,0.887300000000,0.424800000000),
double3(0.872869000000,0.897814333333,0.451729333333),
double3(0.900200000000,0.887233333333,0.405800000000),
double3(0.865050000000,0.855766666667,0.347100000000),
double3(0.862938000000,0.845681000000,0.653354000000),
double3(0.839850000000,0.871700000000,0.403733333333),
double3(0.897100000000,0.871200000000,0.366233333333),
double3(0.916089500000,0.870693333333,0.352644666667),
double3(0.809000000000,0.862733333333,0.424266666667),
double3(0.788575000000,0.848800000000,0.843050000000),
double3(0.500000000000,0.953300000000,0.750000000000),
double3(0.760400000000,0.792533333333,0.814200000000),
double3(0.765000000000,0.768000000000,0.824666666667),
double3(0.810000000000,0.877166666667,0.793466666667),
double3(0.783750000000,0.842933333333,0.736500000000),
double3(0.934350000000,0.924066666667,0.796500000000),
double3(0.959900000000,0.902533333333,0.743900000000),
double3(0.836800000000,0.854300000000,0.698066666667),
double3(0.934200000000,0.906966666667,0.762266666667),
double3(0.871200000000,0.887300000000,0.758133333333),
double3(0.872869000000,0.897814333333,0.785062666667),
double3(0.900200000000,0.887233333333,0.739133333333),
double3(0.865050000000,0.855766666667,0.680433333333),
double3(0.862938000000,0.845681000000,0.986687333333),
double3(0.839850000000,0.871700000000,0.737066666667),
double3(0.897100000000,0.871200000000,0.699566666667),
double3(0.916089500000,0.870693333333,0.685978000000),
double3(0.809000000000,0.862733333333,0.757600000000),
