[double3(31.019600000000,0.000000000000,0.000000000000),double3(0.000000000000,31.019600000000,0.000000000000),double3(0.000000000000,0.000000000000,31.019600000000)]

double3(0.317260000000,0.317260000000,0.182740000000),
double3(0.355400000000,0.355400000000,0.144644000000),
double3(0.250000000000,0.250000000000,0.250000000000),
double3(0.340500000000,0.275000000000,0.224977000000),
double3(0.382300000000,0.266800000000,0.233226000000),
double3(0.315700000000,0.250000000000,0.250000000000),
double3(0.421000000000,0.282900000000,0.217065000000),
double3(0.460900000000,0.266600000000,0.233429000000),
double3(0.500000000000,0.282800000000,0.217167000000),
double3(0.420936000000,0.304130000000,0.195870000000),
