$hessian                                                                        
        1.2324295187  -0.0419869358   0.0183179965  -1.1768876074   0.0394932797
       -0.0172328741  -0.0609427476   0.0025739404  -0.0012061269   0.0145353429
        0.0000664836  -0.0060382597  -0.0096508906   0.0012648162  -0.0129259226
       -0.0101567928  -0.0006331462   0.0125416455   0.0142137721  -0.0008611162
        0.0066024078  -0.0017766573  -0.0000252259   0.0007173241  -0.0017639380
        0.0001079042  -0.0007761906
       -0.0419869358   0.0187134575  -0.0005803330   0.0393889011  -0.0346680288
        0.0007217798   0.0025879493   0.0108471023  -0.0005715440  -0.0000924520
        0.0044650237   0.0006833118   0.0003454065  -0.0012647587   0.0002422384
        0.0002541849  -0.0011985182  -0.0006481229  -0.0005691497   0.0045039057
        0.0002464093   0.0000716117  -0.0006907309  -0.0000727515   0.0000004841
       -0.0007074526  -0.0000209878
        0.0183179965  -0.0005803330   0.0168202241  -0.0171411082   0.0007204333
       -0.0352822539  -0.0012919703  -0.0005671145   0.0191749933  -0.0030322746
        0.0006031937  -0.0020588936  -0.0009336821  -0.0001526593   0.0013950198
        0.0005587344  -0.0002525156   0.0017971340   0.0035783516   0.0003228937
       -0.0017447188  -0.0004992183  -0.0000166789  -0.0000471637   0.0004431709
       -0.0000772194  -0.0000543412
       -1.1768876074   0.0393889011  -0.0171411082   1.5547430137  -0.0521203019
        0.0223310130  -0.2888460845   0.0094734968  -0.0038816273  -0.0614580473
        0.0005722226   0.0174154604   0.0146019690  -0.0021843359   0.0254758440
        0.0157277354   0.0015413688  -0.0246771584  -0.0596450155   0.0032447623
       -0.0195469767   0.0008673070   0.0001653604  -0.0013780553   0.0008967296
       -0.0000814742   0.0014026084
        0.0394932797  -0.0346680288   0.0007204333  -0.0521203019   0.0781692512
       -0.0028125097   0.0095853801  -0.0388420599   0.0018016855  -0.0002917401
       -0.0104087737  -0.0016312864  -0.0006153546   0.0061867366   0.0000557730
       -0.0000292534   0.0060443234   0.0018621902   0.0038915514  -0.0106463603
       -0.0002585573  -0.0001061573   0.0020675521   0.0001801704   0.0001925961
        0.0020973593   0.0000821010
       -0.0172328741   0.0007217798  -0.0352822539   0.0223310130  -0.0028125097
        0.1039184645  -0.0038043592   0.0017961229  -0.0607431431   0.0276000677
       -0.0020613087   0.0034816532   0.0047869918   0.0007490267  -0.0064965843
       -0.0039978241   0.0011648631  -0.0074287167  -0.0297102813   0.0001800044
        0.0019356605   0.0020258372   0.0000308457   0.0003170537  -0.0019985710
        0.0002311761   0.0002978661
       -0.0609427476   0.0025879493  -0.0012919703  -0.2888460845   0.0095853801
       -0.0038043592   0.7665530098  -0.0232155754   0.0030271855  -0.1036538492
       -0.0047822543   0.0832326372  -0.1006547771   0.0042917555  -0.0059323834
       -0.0988032944   0.0035916775   0.0026242856  -0.0963654184   0.0068189072
       -0.0777198864  -0.0086220854   0.0006962597  -0.0020273761  -0.0086647533
        0.0004259004   0.0018918670
        0.0025739404   0.0108471023  -0.0005671145   0.0094734968  -0.0388420599
        0.0017961229  -0.0232155754   0.1310472468  -0.0289382667  -0.0066729441
       -0.0652464575   0.0095826695   0.0000475329   0.0076284444   0.0004963029
        0.0077452387   0.0073392417   0.0004207659   0.0089378663  -0.0662371818
        0.0157687323   0.0004996781   0.0067394171   0.0007949885   0.0006107664
        0.0067242470   0.0006457992
       -0.0012061269  -0.0005715440   0.0191749933  -0.0038816273   0.0018016855
       -0.0607431431   0.0030271855  -0.0289382667   0.5179690426   0.1103720566
        0.0086901570  -0.2343946292   0.0505486269  -0.0014690878   0.0029487677
       -0.0538887875   0.0023944304   0.0013717228  -0.1048305031   0.0166660814
       -0.2404929327   0.0007067496   0.0006874406  -0.0029350591  -0.0008475738
        0.0007391036  -0.0028987624
        0.0145353429  -0.0000924520  -0.0030322746  -0.0614580473  -0.0002917401
        0.0276000677  -0.1036538492  -0.0066729441   0.1103720566   0.5228761630
       -0.0176828584   0.0295430740  -0.3060421941   0.0158376250  -0.0953486497
       -0.0193000354   0.0081878873  -0.0948910259  -0.0222154844  -0.0010963044
        0.0386256540  -0.0231819080   0.0010428439  -0.0063275232  -0.0015599876
        0.0007679429  -0.0065413789
        0.0000664836   0.0044650237   0.0006031937   0.0005722226  -0.0104087737
       -0.0020613087  -0.0047822543  -0.0652464575   0.0086901570  -0.0176828584
        0.0900122948  -0.0334877511   0.0160283323  -0.0589911835   0.0086893490
        0.0022806736   0.0139452948   0.0082838399   0.0043086631   0.0264089774
        0.0088942301  -0.0009221641  -0.0064611597  -0.0008819729   0.0001309016
        0.0062759837   0.0012702631
       -0.0060382597   0.0006833118  -0.0020588936   0.0174154604  -0.0016312864
        0.0034816532   0.0832326372   0.0095826695  -0.2343946292   0.0295430740
       -0.0334877511   0.5259326979  -0.0974782217   0.0087616796  -0.1292653972
       -0.0142721723   0.0054471875  -0.0521530478  -0.0348981976   0.0115060706
       -0.1122047050   0.0204797772  -0.0018260795   0.0083972531   0.0020159025
        0.0009641980  -0.0077349313
       -0.0096508906   0.0003454065  -0.0009336821   0.0146019690  -0.0006153546
        0.0047869918  -0.1006547771   0.0000475329   0.0505486269  -0.3060421941
        0.0160283323  -0.0974782217   0.6761734214  -0.0125113826  -0.1032489920
       -0.0635832934  -0.0019133108   0.0327514665  -0.0235252352   0.0002377164
        0.0155791258  -0.1867302190  -0.0030301930   0.1190320505  -0.0005887810
        0.0014112528  -0.0210373657
        0.0012648162  -0.0012647587  -0.0001526593  -0.0021843359   0.0061867366
        0.0007490267   0.0042917555   0.0076284444  -0.0014690878   0.0158376250
       -0.0589911835   0.0087616796  -0.0125113826   0.1116487321  -0.0357449184
        0.0022110876  -0.0508551324   0.0181270417  -0.0057398595   0.0145374994
        0.0041109539  -0.0029400488  -0.0243580726   0.0044413299  -0.0002296576
       -0.0045322652   0.0011766338
       -0.0129259226   0.0002422384   0.0013950198   0.0254758440   0.0000557730
       -0.0064965843  -0.0059323834   0.0004963029   0.0029487677  -0.0953486497
        0.0086893490  -0.1292653972  -0.1032489920  -0.0357449184   0.6423539209
       -0.0232092854   0.0201362192  -0.3107456267   0.0961788690   0.0012747044
       -0.0485334670   0.1177167145   0.0044895475  -0.1413893345   0.0012938055
        0.0003607842  -0.0102672988
       -0.0101567928   0.0002541849   0.0005587344   0.0157277354  -0.0000292534
       -0.0039978241  -0.0988032944   0.0077452387  -0.0538887875  -0.0193000354
        0.0022806736  -0.0142721723  -0.0635832934   0.0022110876  -0.0232092854
        0.6683231748  -0.0272938643   0.1012321916  -0.3132032646   0.0022791980
        0.0918062828  -0.0013595116  -0.0016994113   0.0213623574  -0.1776447181
        0.0142521461  -0.1195914968
       -0.0006331462  -0.0011985182  -0.0002525156   0.0015413688   0.0060443234
        0.0011648631   0.0035916775   0.0073392417   0.0023944304   0.0081878873
        0.0139452948   0.0054471875  -0.0019133108  -0.0508551324   0.0201362192
       -0.0272938643   0.1127502341  -0.0435165944   0.0023900634  -0.0579685508
        0.0015388478  -0.0000308670  -0.0044242113  -0.0003820494   0.0141601913
       -0.0256326813   0.0134696115
        0.0125416455  -0.0006481229   0.0017971340  -0.0246771584   0.0018621902
       -0.0074287167   0.0026242856   0.0004207659   0.0013717228  -0.0948910259
        0.0082838399  -0.0521530478   0.0327514665   0.0181270417  -0.3107456267
        0.1012321916  -0.0435165944   0.6490614629   0.0896610745   0.0016092409
       -0.1231093766  -0.0009698026   0.0004162795  -0.0096062069  -0.1182726767
        0.0134453592  -0.1491873450
        0.0142137721  -0.0005691497   0.0035783516  -0.0596450155   0.0038915514
       -0.0297102813  -0.0963654184   0.0089378663  -0.1048305031  -0.0222154844
        0.0043086631  -0.0348981976  -0.0235252352  -0.0057398595   0.0961788690
       -0.3132032646   0.0023900634   0.0896610745   0.5250763522  -0.0132056833
       -0.0320274918  -0.0017390506  -0.0002011993   0.0068160228  -0.0225966556
        0.0001877476   0.0052321559
       -0.0008611162   0.0045039057   0.0003228937   0.0032447623  -0.0106463603
        0.0001800044   0.0068189072  -0.0662371818   0.0166660814  -0.0010963044
        0.0264089774   0.0115060706   0.0002377164   0.0145374994   0.0012747044
        0.0022791980  -0.0579685508   0.0016092409  -0.0132056833   0.0896460816
       -0.0310967465   0.0004162768   0.0062988743   0.0007854138   0.0021662433
       -0.0065432454  -0.0012476627
        0.0066024078   0.0002464093  -0.0017447188  -0.0195469767  -0.0002585573
        0.0019356605  -0.0777198864   0.0157687323  -0.2404929327   0.0386256540
        0.0088942301  -0.1122047050   0.0155791258   0.0041109539  -0.0485334670
        0.0918062828   0.0015388478  -0.1231093766  -0.0320274918  -0.0310967465
        0.5238319548  -0.0017428433   0.0011054529  -0.0075765422  -0.0215762723
       -0.0003093226   0.0078941268
       -0.0017766573   0.0000716117  -0.0004992183   0.0008673070  -0.0001061573
        0.0020258372  -0.0086220854   0.0004996781   0.0007067496  -0.0231819080
       -0.0009221641   0.0204797772  -0.1867302190  -0.0029400488   0.1177167145
       -0.0013595116  -0.0000308670  -0.0009698026  -0.0017390506   0.0004162768
       -0.0017428433   0.2217366005   0.0030633264  -0.1379739037   0.0008055244
       -0.0000516558   0.0002566895
       -0.0000252259  -0.0006907309  -0.0000166789   0.0001653604   0.0020675521
        0.0000308457   0.0006962597   0.0067394171   0.0006874406   0.0010428439
       -0.0064611597  -0.0018260795  -0.0030301930  -0.0243580726   0.0044895475
       -0.0016994113  -0.0044242113   0.0004162795  -0.0002011993   0.0062988743
        0.0011054529   0.0030633264   0.0208611029  -0.0048938480  -0.0000117611
       -0.0000327719   0.0000070403
        0.0007173241  -0.0000727515  -0.0000471637  -0.0013780553   0.0001801704
        0.0003170537  -0.0020273761   0.0007949885  -0.0029350591  -0.0063275232
       -0.0008819729   0.0083972531   0.1190320505   0.0044413299  -0.1413893345
        0.0213623574  -0.0003820494  -0.0096062069   0.0068160228   0.0007854138
       -0.0075765422  -0.1379739037  -0.0048938480   0.1530930588  -0.0002208964
        0.0000287193  -0.0002530592
       -0.0017639380   0.0000004841   0.0004431709   0.0008967296   0.0001925961
       -0.0019985710  -0.0086647533   0.0006107664  -0.0008475738  -0.0015599876
        0.0001309016   0.0020159025  -0.0005887810  -0.0002296576   0.0012938055
       -0.1776447181   0.0141601913  -0.1182726767  -0.0225966556   0.0021662433
       -0.0215762723   0.0008055244  -0.0000117611  -0.0002208964   0.2111165796
       -0.0170197641   0.1391631112
        0.0001079042  -0.0007074526  -0.0000772194  -0.0000814742   0.0020973593
        0.0002311761   0.0004259004   0.0067242470   0.0007391036   0.0007679429
        0.0062759837   0.0009641980   0.0014112528  -0.0045322652   0.0003607842
        0.0142521461  -0.0256326813   0.0134453592   0.0001877476  -0.0065432454
       -0.0003093226  -0.0000516558  -0.0000327719   0.0000287193  -0.0170197641
        0.0223508264  -0.0153827984
       -0.0007761906  -0.0000209878  -0.0000543412   0.0014026084   0.0000821010
        0.0002978661   0.0018918670   0.0006457992  -0.0028987624  -0.0065413789
        0.0012702631  -0.0077349313  -0.0210373657   0.0011766338  -0.0102672988
       -0.1195914968   0.0134696115  -0.1491873450   0.0052321559  -0.0012476627
        0.0078941268   0.0002566895   0.0000070403  -0.0002530592   0.1391631112
       -0.0153827984   0.1622037450
