           1           2   2.7004023676359150     
           2           3   1.1468017454663189     
           3           4   1.3074310529000397     
           4           5   1.4056842269117482     
           5           6   1.4270071739555323     
           3           7   1.3073206552284180     
           4           7  0.11644351408256087     
           6           7   1.4056829118045635     
           5           8  0.96555293687542754     
           6           9  0.96554785920419106     
