$hessian                                                                        
        1.3030577324  -0.0472205247   0.0591578589  -1.2440965750   0.0448830296
       -0.0558605065  -0.0604917695   0.0054637101  -0.0044079944   0.0096946626
       -0.0083554758   0.0032346888  -0.0074945253  -0.0069521795   0.0022905712
       -0.0057070932   0.0060812889  -0.0023185752   0.0059435157   0.0059687920
       -0.0020465505  -0.0003667206  -0.0003798618   0.0001265896   0.0000513283
        0.0002289569  -0.0000676000  -0.0005905553   0.0002822643  -0.0001084821
       -0.0472205247   0.0174736593  -0.0018128847   0.0452857917  -0.0346764621
        0.0023133604   0.0017405753   0.0165780978  -0.0011181098  -0.0033480702
       -0.0006382197   0.0011998428  -0.0004575790   0.0013145669  -0.0010131570
        0.0008325394   0.0006026853  -0.0004949532   0.0028534987  -0.0005375367
        0.0012329081  -0.0002723525  -0.0001091825  -0.0000920652   0.0002026523
       -0.0001008578  -0.0001144803   0.0003834690   0.0000932495  -0.0001004611
        0.0591578589  -0.0018128847   0.0193313896  -0.0560100967   0.0023032317
       -0.0350384538  -0.0030076410  -0.0010177905   0.0135678976   0.0013945621
        0.0010646424   0.0026890676  -0.0000436902  -0.0012406431  -0.0010263480
       -0.0003997615  -0.0003195105  -0.0007463449  -0.0009880857   0.0013321225
        0.0021222874   0.0000999159  -0.0000933536  -0.0003083319  -0.0000575909
       -0.0001151820  -0.0004036558  -0.0001454709  -0.0001006322  -0.0001875079
       -1.2440965750   0.0452857917  -0.0560100967   1.5963015445  -0.0441517209
        0.0657885883  -0.2738869119  -0.0062018589  -0.0053201815  -0.0525255523
        0.0198744988  -0.0086225877   0.0108198299   0.0169702353  -0.0059693427
        0.0090305171  -0.0139623929   0.0050984407  -0.0448097610  -0.0181906933
        0.0052708574  -0.0006574604   0.0001074500  -0.0000877336  -0.0011473033
        0.0000741825  -0.0001091157   0.0009716724   0.0001945077  -0.0000388284
        0.0448830296  -0.0346764621   0.0023032317  -0.0441517209   0.0979428414
       -0.0097850986   0.0013909717  -0.0556921831   0.0044423309   0.0254256139
        0.0015290994  -0.0025860155   0.0048077548  -0.0043978801   0.0045090874
       -0.0032512076  -0.0050339489   0.0033435317  -0.0284740076  -0.0007902560
       -0.0026997711   0.0014704056   0.0006208128   0.0002579358  -0.0012609922
        0.0005109959   0.0003105911  -0.0008398473  -0.0000130193  -0.0000958234
       -0.0558605065   0.0023133604  -0.0350384538   0.0657885883  -0.0097850986
        0.0803826454  -0.0081378999   0.0042013482  -0.0452002327  -0.0105783249
       -0.0028045190  -0.0073717471  -0.0015795761   0.0049339406   0.0059185648
        0.0012129928   0.0029983128   0.0035463157   0.0090454135  -0.0023506336
       -0.0045586660  -0.0005928513   0.0002076913   0.0011088787   0.0003664394
        0.0003538880   0.0013832441   0.0003357249  -0.0000682901  -0.0001705493
       -0.0604917695   0.0017405753  -0.0030076410  -0.2738869119   0.0013909717
       -0.0081378999   0.7945305372  -0.0395029171   0.0361969625  -0.1469629321
        0.1178065166  -0.0449100026  -0.1010346168  -0.0056030164  -0.0015364695
       -0.0778520986   0.0057289116  -0.0048349381  -0.1295627372  -0.0903186657
        0.0297251939  -0.0074065633  -0.0032255378   0.0006640049  -0.0048677080
        0.0031197508  -0.0014121775   0.0075348002   0.0088634110  -0.0027470324
        0.0054637101   0.0165780978  -0.0010177905  -0.0062018589  -0.0556921831
        0.0042013482  -0.0395029171   0.4941477977  -0.1338367805   0.1320482314
       -0.2593366201   0.0739832464   0.0503569475   0.0137513885  -0.0005641757
       -0.0347047761  -0.0130400800   0.0061440381  -0.1003081054  -0.1799276912
        0.0436184072  -0.0000597755   0.0001054629   0.0022896561   0.0004029181
       -0.0021675894   0.0024375458  -0.0074943740  -0.0144185830   0.0027445048
       -0.0044079944  -0.0011181098   0.0135678976  -0.0053201815   0.0044423309
       -0.0452002327   0.0361969625  -0.1338367805   0.1737039904  -0.0500347769
        0.0734941204  -0.0931941092  -0.0216403830  -0.0024145245   0.0076554566
        0.0096911012   0.0074690379   0.0049696145   0.0332701828   0.0439329319
       -0.0638041972  -0.0004366432   0.0022108597   0.0057725396  -0.0004562948
        0.0025327269   0.0036871207   0.0031380273   0.0032874071  -0.0071580804
        0.0096946626  -0.0033480702   0.0013945621  -0.0525255523   0.0254256139
       -0.0105783249  -0.1469629321   0.1320482314  -0.0500347769   0.5385423769
       -0.0192459327   0.0216274531  -0.2886518634  -0.0680281154   0.0168688448
       -0.0149527805  -0.1002962359   0.0349588111  -0.0221819692   0.0432801470
       -0.0167945935  -0.0226548362  -0.0049009776   0.0012096115  -0.0000509860
       -0.0058642768   0.0018578430  -0.0002561197   0.0009296164  -0.0005094303
       -0.0083554758  -0.0006382197   0.0010646424   0.0198744988   0.0015290994
       -0.0028045190   0.1178065166  -0.2593366201   0.0734941204  -0.0192459327
        0.5178642612  -0.1535367840  -0.0867980379  -0.1209349680   0.0186846460
       -0.0230392191  -0.0346445997   0.0171092767  -0.0120065285  -0.0985445603
        0.0412075578   0.0176536711   0.0062619604  -0.0036053708   0.0028419394
       -0.0050472655   0.0043023809  -0.0087314319  -0.0065090876   0.0040840497
        0.0032346888   0.0011998428   0.0026890676  -0.0086225877  -0.0025860155
       -0.0073717471  -0.0449100026   0.0739832464  -0.0931941092   0.0216274531
       -0.1535367840   0.1471883946   0.0236160935   0.0192816970  -0.0670104942
        0.0072930467   0.0145696576   0.0101941693   0.0029686417   0.0430132799
        0.0021690298  -0.0068985719  -0.0043408224  -0.0040703572  -0.0012425456
        0.0040053746   0.0051827068   0.0029337840   0.0044105238   0.0042233396
       -0.0074945253  -0.0004575790  -0.0000436902   0.0108198299   0.0048077548
       -0.0015795761  -0.1010346168   0.0503569475  -0.0216403830  -0.2886518634
       -0.0867980379   0.0236160935   0.6776112254  -0.1273087722   0.0640233156
       -0.0770136447   0.0326740864  -0.0125564064  -0.0084978544   0.0149977139
       -0.0059024506  -0.2001910513   0.1296495915  -0.0521550059   0.0010977680
       -0.0168413367   0.0062089367  -0.0066452673  -0.0010803683   0.0000291666
       -0.0069521795   0.0013145669  -0.0012406431   0.0169702353  -0.0043978801
        0.0049339406  -0.0056030164   0.0137513885  -0.0024145245  -0.0680281154
       -0.1209349680   0.0192816970  -0.1273087722   0.6319523863  -0.1879971448
       -0.0170796488  -0.3222348403   0.0967983474   0.0751394495  -0.0470032823
        0.0216606084   0.1282382028  -0.1435335299   0.0455816677   0.0006542695
       -0.0084790662   0.0017025693   0.0039695753  -0.0004347748   0.0016934820
        0.0022905712  -0.0010131570  -0.0010263480  -0.0059693427   0.0045090874
        0.0059185648  -0.0015364695  -0.0005641757   0.0076554566   0.0168688448
        0.0186846460  -0.0670104942   0.0640233156  -0.1879971448   0.1888221819
        0.0052759854   0.0984326670  -0.0858364940  -0.0274801962   0.0196558886
       -0.0014442312  -0.0516324237   0.0456276386  -0.0462294131  -0.0000723397
        0.0011271829  -0.0041942483  -0.0017679451   0.0015373670   0.0033450254
       -0.0057070932   0.0008325394  -0.0003997615   0.0090305171  -0.0032512076
        0.0012129928  -0.0778520986  -0.0347047761   0.0096911012  -0.0149527805
       -0.0230392191   0.0072930467  -0.0770136447  -0.0170796488   0.0052759854
        0.6818481024   0.1306753403  -0.0278583309  -0.3128821473   0.0623351495
       -0.0311729266   0.0005880991   0.0190414551  -0.0067069690  -0.1980178670
       -0.1367912855   0.0433664020  -0.0050410873   0.0019816527  -0.0007015400
        0.0060812889   0.0006026853  -0.0003195105  -0.0139623929  -0.0050339489
        0.0029983128   0.0057289116  -0.0130400800   0.0074690379  -0.1002962359
       -0.0346445997   0.0145696576   0.0326740864  -0.3222348403   0.0984326670
        0.1306753403   0.6374967304  -0.1872022403   0.0478650022  -0.0945463135
        0.0192231339  -0.0004279315  -0.0125851651   0.0030553203  -0.1321826308
       -0.1507604353   0.0411207168   0.0238445618  -0.0052540329   0.0006529044
       -0.0023185752  -0.0004949532  -0.0007463449   0.0050984407   0.0033435317
        0.0035463157  -0.0048349381   0.0061440381   0.0049696145   0.0349588111
        0.0171092767   0.0101941693  -0.0125564064   0.0967983474  -0.0858364940
       -0.0278583309  -0.1872022403   0.1696357423  -0.0259342715   0.0197158748
       -0.0532235086   0.0003023910   0.0036914522  -0.0053515794   0.0416742744
        0.0409669777  -0.0372835535  -0.0085313951  -0.0000723052  -0.0059043615
        0.0059435157   0.0028534987  -0.0009880857  -0.0448097610  -0.0284740076
        0.0090454135  -0.1295627372  -0.1003081054   0.0332701828  -0.0221819692
       -0.0120065285   0.0029686417  -0.0084978544   0.0751394495  -0.0274801962
       -0.3128821473   0.0478650022  -0.0259342715   0.6226974923  -0.0988941105
        0.0532236044   0.0003029889   0.0013079846  -0.0005963887  -0.0240498280
        0.0075670700  -0.0034434477  -0.0869596999   0.1049497471  -0.0400654524
        0.0059687920  -0.0005375367   0.0013321225  -0.0181906933  -0.0007902560
       -0.0023506336  -0.0903186657  -0.1799276912   0.0439329319   0.0432801470
       -0.0985445603   0.0430132799   0.0149977139  -0.0470032823   0.0196558886
        0.0623351495  -0.0945463135   0.0197158748  -0.0988941105   0.7331244112
       -0.2363721255  -0.0029900212  -0.0045206094   0.0036959511  -0.0187018981
        0.0057306291  -0.0038721051   0.1025135863  -0.3129847910   0.1112488155
       -0.0020465505   0.0012329081   0.0021222874   0.0052708574  -0.0026997711
       -0.0045586660   0.0297251939   0.0436184072  -0.0638041972  -0.0167945935
        0.0412075578   0.0021690298  -0.0059024506   0.0216606084  -0.0014442312
       -0.0311729266   0.0192231339  -0.0532235086   0.0532236044  -0.2363721255
        0.1695017126   0.0008872998   0.0038147152   0.0046537024   0.0060290914
       -0.0030009627  -0.0020726582  -0.0392195256   0.1113155286  -0.0533434711
       -0.0003667206  -0.0002723525   0.0000999159  -0.0006574604   0.0014704056
       -0.0005928513  -0.0074065633  -0.0000597755  -0.0004366432  -0.0226548362
        0.0176536711  -0.0068985719  -0.2001910513   0.1282382028  -0.0516324237
        0.0005880991  -0.0004279315   0.0003023910   0.0003029889  -0.0029900212
        0.0008872998   0.2300420743  -0.1430844889   0.0581144081   0.0001442398
       -0.0002093743   0.0000780121   0.0001992297  -0.0003183357   0.0000784632
       -0.0003798618  -0.0001091825  -0.0000933536   0.0001074500   0.0006208128
        0.0002076913  -0.0032255378   0.0001054629   0.0022108597  -0.0049009776
        0.0062619604  -0.0043408224   0.1296495915  -0.1435335299   0.0456276386
        0.0190414551  -0.0125851651   0.0036914522   0.0013079846  -0.0045206094
        0.0038147152  -0.1430844889   0.1537166405  -0.0516308398   0.0002758868
       -0.0001077105   0.0000769508   0.0012084981   0.0001513207   0.0004357079
        0.0001265896  -0.0000920652  -0.0003083319  -0.0000877336   0.0002579358
        0.0011088787   0.0006640049   0.0022896561   0.0057725396   0.0012096115
       -0.0036053708  -0.0040703572  -0.0521550059   0.0455816677  -0.0462294131
       -0.0067069690   0.0030553203  -0.0053515794  -0.0005963887   0.0036959511
        0.0046537024   0.0581144081  -0.0516308398   0.0432674969  -0.0000959834
        0.0000617396   0.0000513408  -0.0004725334   0.0003860052   0.0011057230
        0.0000513283   0.0002026523  -0.0000575909  -0.0011473033  -0.0012609922
        0.0003664394  -0.0048677080   0.0004029181  -0.0004562948  -0.0000509860
        0.0028419394  -0.0012425456   0.0010977680   0.0006542695  -0.0000723397
       -0.1980178670  -0.1321826308   0.0416742744  -0.0240498280  -0.0187018981
        0.0060290914   0.0001442398   0.0002758868  -0.0000959834   0.2267997958
        0.1485087514  -0.0464318998   0.0000405605  -0.0007408963   0.0002868490
        0.0002289569  -0.0001008578  -0.0001151820   0.0000741825   0.0005109959
        0.0003538880   0.0031197508  -0.0021675894   0.0025327269  -0.0058642768
       -0.0050472655   0.0040053746  -0.0168413367  -0.0084790662   0.0011271829
       -0.1367912855  -0.1507604353   0.0409669777   0.0075670700   0.0057306291
       -0.0030009627  -0.0002093743  -0.0001077105   0.0000617396   0.1485087514
        0.1600660251  -0.0455857601   0.0002075616   0.0003552746  -0.0003459849
       -0.0000676000  -0.0001144803  -0.0004036558  -0.0001091157   0.0003105911
        0.0013832441  -0.0014121775   0.0024375458   0.0036871207   0.0018578430
        0.0043023809   0.0051827068   0.0062089367   0.0017025693  -0.0041942483
        0.0433664020   0.0411207168  -0.0372835535  -0.0034434477  -0.0038721051
       -0.0020726582   0.0000780121   0.0000769508   0.0000513408  -0.0464318998
       -0.0455857601   0.0341462380  -0.0000469530  -0.0003784092  -0.0004965345
       -0.0005905553   0.0003834690  -0.0001454709   0.0009716724  -0.0008398473
        0.0003357249   0.0075348002  -0.0074943740   0.0031380273  -0.0002561197
       -0.0087314319   0.0029337840  -0.0066452673   0.0039695753  -0.0017679451
       -0.0050410873   0.0238445618  -0.0085313951  -0.0869596999   0.1025135863
       -0.0392195256   0.0001992297   0.0012084981  -0.0004725334   0.0000405605
        0.0002075616  -0.0000469530   0.0907464667  -0.1150615989   0.0437762869
        0.0002822643   0.0000932495  -0.0001006322   0.0001945077  -0.0000130193
       -0.0000682901   0.0088634110  -0.0144185830   0.0032874071   0.0009296164
       -0.0065090876   0.0044105238  -0.0010803683  -0.0004347748   0.0015373670
        0.0019816527  -0.0052540329  -0.0000723052   0.1049497471  -0.3129847910
        0.1113155286  -0.0003183357   0.0001513207   0.0003860052  -0.0007408963
        0.0003552746  -0.0003784092  -0.1150615989   0.3390144437  -0.1203171948
       -0.0001084821  -0.0001004611  -0.0001875079  -0.0000388284  -0.0000958234
       -0.0001705493  -0.0027470324   0.0027445048  -0.0071580804  -0.0005094303
        0.0040840497   0.0042233396   0.0000291666   0.0016934820   0.0033450254
       -0.0007015400   0.0006529044  -0.0059043615  -0.0400654524   0.1112488155
       -0.0533434711   0.0000784632   0.0004357079   0.0011057230   0.0002868490
       -0.0003459849  -0.0004965345   0.0437762869  -0.1203171948   0.0585864168
