           1           2   2.8014734894186084     
           2           3   1.0991335441868921     
           3           4   1.4547329771417081     
           4           5   1.3500850967453171     
           3           6  0.11344933588592301     
           5           6   1.5284530420919864     
           3           7   1.1916324608859394     
           4           7  0.10568183926922781     
           6           7   1.2508036316200553     
           5           8  0.96921924417942362     
           6           9  0.96926885575944910     
           7          10  0.94262903110524920     
