$hessian                                                                        
        0.4485158196   0.0034489321  -0.0038438797  -0.2041127686   0.0031519569
        0.0003920171  -0.0272080773  -0.0030949099  -0.0013450329  -0.0018271085
       -0.0037479158  -0.0012323687  -0.0015418960   0.0032176480   0.0019977230
       -0.0258229759   0.0041485130   0.0020243592  -0.0608763181   0.0273464829
       -0.0575332319  -0.0651830768  -0.0708053001   0.0068968292  -0.0599394642
        0.0362347817   0.0527148839  -0.0010308077   0.0005245061   0.0001920989
       -0.0009733264  -0.0004246950  -0.0002633981
        0.0034489321   0.5085928568   0.0171528564   0.0010805003  -0.0648683024
       -0.0056682124  -0.0247073848   0.0013713148   0.0027629042  -0.0027745195
       -0.0033128478  -0.0041270938   0.0025463080  -0.0035259095  -0.0040165637
        0.0249866537  -0.0004560212   0.0025196781   0.0312883423  -0.0789331885
        0.0737293157  -0.0738164569  -0.2457435022   0.0165873589   0.0379965712
       -0.1142609783  -0.0981801423  -0.0016995061   0.0005888356  -0.0003710543
        0.0016505598   0.0005477427  -0.0003890468
       -0.0038438797   0.0171528564   0.4797563720   0.0047207346  -0.0057817125
       -0.0552393586  -0.0103384453   0.0024743357  -0.0042650348  -0.0011738680
       -0.0038790785   0.0035039089   0.0012907903  -0.0042486804   0.0034359428
        0.0126794002   0.0027719349  -0.0038172603  -0.0659558288   0.0739450834
       -0.1981239191   0.0071462371   0.0168974338  -0.0455676051   0.0552301017
       -0.0985647903  -0.1821205997  -0.0006529696  -0.0003649338   0.0012271939
        0.0008977275  -0.0004024486   0.0012103599
       -0.2041127686   0.0010805003   0.0047207346   0.7234968354  -0.0007708259
       -0.0038142366  -0.1442269919  -0.0971282317  -0.0434961891  -0.0870248665
       -0.0105687033  -0.0037540185  -0.0837547216   0.0133350796   0.0072340403
       -0.1348012009   0.0906340618   0.0433501538  -0.0225655570   0.0048058971
       -0.0089997423  -0.0163815926  -0.0060255713  -0.0003579427  -0.0149642598
        0.0047060316   0.0045459318  -0.0077695164   0.0022535980   0.0013542331
       -0.0078953601  -0.0023218363  -0.0007829644
        0.0031519569  -0.0648683024  -0.0057817125  -0.0007708259   0.5374330794
        0.1767347630  -0.1028367761  -0.2346466019  -0.0767843276  -0.0542978723
        0.0067543543   0.0002477063   0.0554379731   0.0040917993  -0.0031715405
        0.0983193129  -0.2410572552  -0.0816757602   0.0118042191   0.0014044484
        0.0000164249  -0.0306122433  -0.0028676050   0.0004991513   0.0197843314
       -0.0018786070  -0.0033759835   0.0003056177  -0.0022244649  -0.0033655975
       -0.0002856935  -0.0021408449  -0.0033431236
        0.0003920171  -0.0056682124  -0.0552393586  -0.0038142366   0.1767347630
        0.2374351218  -0.0486856978  -0.0768270282  -0.1018511679  -0.0219488125
       -0.0019383054   0.0081357125   0.0288796581  -0.0010659784   0.0075226581
        0.0443451790  -0.0815069642  -0.1048721530  -0.0238989129   0.0003693946
        0.0021601339   0.0004193689  -0.0012333716   0.0010494267   0.0239343273
       -0.0021449745  -0.0013709864   0.0003237881  -0.0034199157   0.0034936659
        0.0000533213  -0.0032994072   0.0035369470
       -0.0272080773  -0.0247073848  -0.0103384453  -0.1442269919  -0.1028367761
       -0.0486856978   0.5080824066  -0.0029254056  -0.0077611717  -0.2745915725
        0.0867411162   0.0438933086  -0.0314642834   0.0738441072   0.0351542965
       -0.0077003162  -0.0386083815  -0.0175106267   0.0021443065  -0.0015127687
        0.0013249269  -0.0051009980  -0.0006436819  -0.0003291573   0.0033100094
       -0.0004299358  -0.0011392500  -0.0215260201   0.0051013964   0.0025639263
       -0.0017184630   0.0059777145   0.0028278902
       -0.0030949099   0.0013713148   0.0024743357  -0.0971282317  -0.2346466019
       -0.0768270282  -0.0029254056   0.4749939185   0.1794615847   0.0779342141
       -0.1118967741  -0.0263571715   0.0087477141  -0.0409397304  -0.0246790586
        0.0339905171  -0.0907762042  -0.0553975411   0.0016239504  -0.0005143016
        0.0002121280   0.0007679099   0.0008653564  -0.0001480881   0.0001202623
        0.0005718446   0.0010598566  -0.0189822430   0.0059674948   0.0063226840
       -0.0010537777  -0.0049963169  -0.0061217016
       -0.0013450329   0.0027629042  -0.0042650348  -0.0434961891  -0.0767843276
       -0.1018511679  -0.0077611717   0.1794615847   0.1715245606   0.0396173042
       -0.0266828484  -0.0706539119   0.0049119711  -0.0260208203   0.0002368081
        0.0161234954  -0.0540157841   0.0021472605  -0.0011082492   0.0001679099
        0.0004854809   0.0025872584   0.0009325858   0.0003498338  -0.0005437544
        0.0004794516   0.0007550476  -0.0086333300   0.0059015267  -0.0039892502
       -0.0003523019  -0.0062021825   0.0052603733
       -0.0018271085  -0.0027745195  -0.0011738680  -0.0870248665  -0.0542978723
       -0.0219488125  -0.2745915725   0.0779342141   0.0396173042   0.6402977429
        0.0941255910   0.0347385038  -0.0558481261  -0.0224727387  -0.0105102314
       -0.0355429675  -0.0101373812  -0.0037526261  -0.0023982181   0.0004652670
       -0.0005677549  -0.0011790161   0.0005715894  -0.0001967417  -0.0000883560
       -0.0002151596  -0.0000079440  -0.1807085748  -0.1034015024  -0.0455999119
       -0.0010889369   0.0202025122   0.0094020826
       -0.0037479158  -0.0033128478  -0.0038790785  -0.0105687033   0.0067543543
       -0.0019383054   0.0867411162  -0.1118967741  -0.0266828484   0.0941255910
        0.5822351541   0.2212268981   0.0102661384  -0.3058183290  -0.1214205817
       -0.0752467573  -0.0386274731  -0.0222248279   0.0015403824  -0.0005611972
        0.0009986777  -0.0000825175   0.0000951460  -0.0001538021   0.0010873798
       -0.0001479579  -0.0002729190  -0.1029089943  -0.1189667590  -0.0439107177
       -0.0012057196  -0.0097533164  -0.0017424950
       -0.0012323687  -0.0041270938   0.0035039089  -0.0037540185   0.0002477063
        0.0081357125   0.0438933086  -0.0263571715  -0.0706539119   0.0347385038
        0.2212268981   0.2044354017   0.0047697030  -0.1211983124  -0.0997491626
       -0.0339588348  -0.0235724064   0.0020078451   0.0020378556  -0.0002348124
        0.0005988523  -0.0008560966  -0.0003253504  -0.0000042206   0.0003668845
        0.0000655232  -0.0000976238  -0.0453485067  -0.0437809195  -0.0411066030
       -0.0006564303  -0.0019440610  -0.0070701986
       -0.0015418960   0.0025463080   0.0012907903  -0.0837547216   0.0554379731
        0.0288796581  -0.0314642834   0.0087477141   0.0049119711  -0.0558481261
        0.0102661384   0.0047697030   0.6315743315  -0.0853627848  -0.0481750543
       -0.2824121191  -0.0743283674  -0.0308269642  -0.0024835382   0.0002809997
       -0.0007892685  -0.0001246732   0.0001553963   0.0001910158  -0.0012078069
       -0.0002044346  -0.0004988568  -0.0020237206  -0.0205321299  -0.0095573352
       -0.1707134465   0.1029931871   0.0498043406
        0.0032176480  -0.0035259095  -0.0042486804   0.0133350796   0.0040917993
       -0.0010659784   0.0738441072  -0.0409397304  -0.0260208203  -0.0224727387
       -0.3058183290  -0.1211983124  -0.0853627848   0.5878921310   0.2258260725
       -0.0832886086  -0.1075326892  -0.0215759921  -0.0024361613   0.0005806843
       -0.0010705375  -0.0009777134  -0.0001699487   0.0001406244   0.0007270261
       -0.0002163371  -0.0000497551   0.0009277992  -0.0092293513  -0.0013731473
        0.1024863469  -0.1251323195  -0.0493634735
        0.0019977230  -0.0040165637   0.0034359428   0.0072340403  -0.0031715405
        0.0075226581   0.0351542965  -0.0246790586   0.0002368081  -0.0105102314
       -0.1214205817  -0.0997491626  -0.0481750543   0.2258260725   0.2074717258
       -0.0348040087  -0.0219547248  -0.0671966253   0.0001967171   0.0000911619
       -0.0004530136  -0.0005908177  -0.0001866376  -0.0000135325  -0.0004793509
        0.0001247311   0.0003195715   0.0003507232  -0.0011567000  -0.0066443377
        0.0496259628  -0.0494561585  -0.0449300347
       -0.0258229759   0.0249866537   0.0126794002  -0.1348012009   0.0983193129
        0.0443451790  -0.0077003162   0.0339905171   0.0161234954  -0.0355429675
       -0.0752467573  -0.0339588348  -0.2824121191  -0.0832886086  -0.0348040087
        0.5087072920   0.0097786573  -0.0018690890   0.0020655317  -0.0001251092
        0.0019949989   0.0033577396   0.0010619371  -0.0005062023  -0.0050753192
        0.0009055492   0.0003907716  -0.0019781274  -0.0063075174  -0.0027703979
       -0.0207975371  -0.0040746348  -0.0016253123
        0.0041485130  -0.0004560212   0.0027719349   0.0906340618  -0.2410572552
       -0.0815069642  -0.0386083815  -0.0907762042  -0.0540157841  -0.0101373812
       -0.0386274731  -0.0235724064  -0.0743283674  -0.1075326892  -0.0219547248
        0.0097786573   0.4750772849   0.1787426467  -0.0002946930   0.0002601670
       -0.0005451994   0.0002646396   0.0013904056  -0.0002391647  -0.0022130374
        0.0010215431   0.0008893990   0.0007093764  -0.0049149000  -0.0060021228
        0.0200466123   0.0056151424   0.0054323858
        0.0020243592   0.0025196781  -0.0038172603   0.0433501538  -0.0816757602
       -0.1048721530  -0.0175106267  -0.0553975411   0.0021472605  -0.0037526261
       -0.0222248279   0.0020078451  -0.0308269642  -0.0215759921  -0.0671966253
       -0.0018690890   0.1787426467   0.1708562140  -0.0020440987  -0.0003509480
       -0.0002969371  -0.0004953150   0.0003359465  -0.0001101555   0.0011987030
       -0.0002709703   0.0002195061   0.0004792425  -0.0059215436   0.0054284528
        0.0094462612   0.0058193119  -0.0043661472
       -0.0608763181   0.0312883423  -0.0659558288  -0.0225655570   0.0118042191
       -0.0238989129   0.0021443065   0.0016239504  -0.0011082492  -0.0023982181
        0.0015403824   0.0020378556  -0.0024835382  -0.0024361613   0.0001967171
        0.0020655317  -0.0002946930  -0.0020440987   0.0775565312  -0.0355318355
        0.0742781100   0.0037480604  -0.0043013388   0.0083405106   0.0034133995
       -0.0033470108   0.0073853129  -0.0003026586  -0.0002804079   0.0003303078
       -0.0003015393  -0.0000654467   0.0004382756
        0.0273464829  -0.0789331885   0.0739450834   0.0048058971   0.0014044484
        0.0003693946  -0.0015127687  -0.0005143016   0.0001679099   0.0004652670
       -0.0005611972  -0.0002348124   0.0002809997   0.0005806843   0.0000911619
       -0.0001251092   0.0002601670  -0.0003509480  -0.0355318355   0.0892987270
       -0.0881609176   0.0091660443  -0.0182596094   0.0302993111  -0.0050822656
        0.0066994654  -0.0160214618   0.0000857379   0.0000623168  -0.0000119063
        0.0001015500  -0.0000375122  -0.0000928147
       -0.0575332319   0.0737293157  -0.1981239191  -0.0089997423   0.0000164249
        0.0021601339   0.0013249269   0.0002121280   0.0004854809  -0.0005677549
        0.0009986777   0.0005988523  -0.0007892685  -0.0010705375  -0.0004530136
        0.0019949989  -0.0005451994  -0.0002969371   0.0742781100  -0.0881609176
        0.2315924347  -0.0012519251   0.0047451404  -0.0057443536  -0.0080759509
        0.0101503600  -0.0303846676  -0.0001980276  -0.0001593221   0.0000304833
       -0.0001821347   0.0000839299   0.0001355057
       -0.0651830768  -0.0738164569   0.0071462371  -0.0163815926  -0.0306122433
        0.0004193689  -0.0051009980   0.0007679099   0.0025872584  -0.0011790161
       -0.0000825175  -0.0008560966  -0.0001246732  -0.0009777134  -0.0005908177
        0.0033577396   0.0002646396  -0.0004953150   0.0037480604   0.0091660443
       -0.0012519251   0.0782120310   0.0862234840  -0.0059282626   0.0034118442
        0.0085882605  -0.0007649411  -0.0007244795   0.0002596158  -0.0002968402
       -0.0000358390   0.0002189770   0.0000313338
       -0.0708053001  -0.2457435022   0.0168974338  -0.0060255713  -0.0028676050
       -0.0012333716  -0.0006436819   0.0008653564   0.0009325858   0.0005715894
        0.0000951460  -0.0003253504   0.0001553963  -0.0001699487  -0.0001866376
        0.0010619371   0.0013904056   0.0003359465  -0.0043013388  -0.0182596094
        0.0047451404   0.0862234840   0.2859703550  -0.0208929675  -0.0059057260
       -0.0215600825  -0.0003605814  -0.0002203114   0.0000823524  -0.0000478637
       -0.0001104770   0.0001971324   0.0001356657
        0.0068968292   0.0165873589  -0.0455676051  -0.0003579427   0.0004991513
        0.0010494267  -0.0003291573  -0.0001480881   0.0003498338  -0.0001967417
       -0.0001538021  -0.0000042206   0.0001910158   0.0001406244  -0.0000135325
       -0.0005062023  -0.0002391647  -0.0001101555   0.0083405106   0.0302993111
       -0.0057443536  -0.0059282626  -0.0208929675   0.0493064917  -0.0081743179
       -0.0260709955   0.0007396037   0.0000400259   0.0000040889   0.0000126022
        0.0000242431  -0.0000255168  -0.0000180909
       -0.0599394642   0.0379965712   0.0552301017  -0.0149642598   0.0197843314
        0.0239343273   0.0033100094   0.0001202623  -0.0005437544  -0.0000883560
        0.0010873798   0.0003668845  -0.0012078069   0.0007270261  -0.0004793509
       -0.0050753192  -0.0022130374   0.0011987030   0.0034133995  -0.0050822656
       -0.0080759509   0.0034118442  -0.0059057260  -0.0081743179   0.0718991336
       -0.0464532320  -0.0629345600  -0.0000418300  -0.0001516117  -0.0001488600
       -0.0007173506   0.0000903020  -0.0003732224
        0.0362347817  -0.1142609783  -0.0985647903   0.0047060316  -0.0018786070
       -0.0021449745  -0.0004299358   0.0005718446   0.0004794516  -0.0002151596
       -0.0001479579   0.0000655232  -0.0002044346  -0.0002163371   0.0001247311
        0.0009055492   0.0010215431  -0.0002709703  -0.0033470108   0.0066994654
        0.0101503600   0.0085882605  -0.0215600825  -0.0260709955  -0.0464532320
        0.1296305134   0.1161245726   0.0000653431   0.0001328534   0.0000434514
        0.0001498068   0.0000077429   0.0000636408
        0.0527148839  -0.0981801423  -0.1821205997   0.0045459318  -0.0033759835
       -0.0013709864  -0.0011392500   0.0010598566   0.0007550476  -0.0000079440
       -0.0002729190  -0.0000976238  -0.0004988568  -0.0000497551   0.0003195715
        0.0003907716   0.0008893990   0.0002195061   0.0073853129  -0.0160214618
       -0.0303846676  -0.0007649411  -0.0003605814   0.0007396037  -0.0629345600
        0.1161245726   0.2118057838   0.0001071377   0.0001885543   0.0000557608
        0.0002015140  -0.0000015393   0.0000786040
       -0.0010308077  -0.0016995061  -0.0006529696  -0.0077695164   0.0003056177
        0.0003237881  -0.0215260201  -0.0189822430  -0.0086333300  -0.1807085748
       -0.1029089943  -0.0453485067  -0.0020237206   0.0009277992   0.0003507232
       -0.0019781274   0.0007093764   0.0004792425  -0.0003026586   0.0000857379
       -0.0001980276  -0.0007244795  -0.0002203114   0.0000400259  -0.0000418300
        0.0000653431   0.0001071377   0.2150245184   0.1221474849   0.0537595112
        0.0010812167  -0.0004303042  -0.0002275946
        0.0005245061   0.0005888356  -0.0003649338   0.0022535980  -0.0022244649
       -0.0034199157   0.0051013964   0.0059674948   0.0059015267  -0.1034015024
       -0.1189667590  -0.0437809195  -0.0205321299  -0.0092293513  -0.0011567000
       -0.0063075174  -0.0049149000  -0.0059215436  -0.0002804079   0.0000623168
       -0.0001593221   0.0002596158   0.0000823524   0.0000040889  -0.0001516117
        0.0001328534   0.0001885543   0.1221474849   0.1288227987   0.0487904636
        0.0003865680  -0.0003211765  -0.0000812988
        0.0001920989  -0.0003710543   0.0012271939   0.0013542331  -0.0033655975
        0.0034936659   0.0025639263   0.0063226840  -0.0039892502  -0.0455999119
       -0.0439107177  -0.0411066030  -0.0095573352  -0.0013731473  -0.0066443377
       -0.0027703979  -0.0060021228   0.0054284528   0.0003303078  -0.0000119063
        0.0000304833  -0.0002968402  -0.0000478637   0.0000126022  -0.0001488600
        0.0000434514   0.0000557608   0.0537595112   0.0487904636   0.0416965231
        0.0001732680  -0.0000741896  -0.0002044911
       -0.0009733264   0.0016505598   0.0008977275  -0.0078953601  -0.0002856935
        0.0000533213  -0.0017184630  -0.0010537777  -0.0003523019  -0.0010889369
       -0.0012057196  -0.0006564303  -0.1707134465   0.1024863469   0.0496259628
       -0.0207975371   0.0200466123   0.0094462612  -0.0003015393   0.0001015500
       -0.0001821347  -0.0000358390  -0.0001104770   0.0000242431  -0.0007173506
        0.0001498068   0.0002015140   0.0010812167   0.0003865680   0.0001732680
        0.2031605821  -0.1221657759  -0.0592314310
       -0.0004246950   0.0005477427  -0.0004024486  -0.0023218363  -0.0021408449
       -0.0032994072   0.0059777145  -0.0049963169  -0.0062021825   0.0202025122
       -0.0097533164  -0.0019440610   0.1029931871  -0.1251323195  -0.0494561585
       -0.0040746348   0.0056151424   0.0058193119  -0.0000654467  -0.0000375122
        0.0000839299   0.0002189770   0.0001971324  -0.0000255168   0.0000903020
        0.0000077429  -0.0000015393  -0.0004303042  -0.0003211765  -0.0000741896
       -0.1221657759   0.1360137259   0.0555022618
       -0.0002633981  -0.0003890468   0.0012103599  -0.0007829644  -0.0033431236
        0.0035369470   0.0028278902  -0.0061217016   0.0052603733   0.0094020826
       -0.0017424950  -0.0070701986   0.0498043406  -0.0493634735  -0.0449300347
       -0.0016253123   0.0054323858  -0.0043661472   0.0004382756  -0.0000928147
        0.0001355057   0.0000313338   0.0001356657  -0.0000180909  -0.0003732224
        0.0000636408   0.0000786040  -0.0002275946  -0.0000812988  -0.0002044911
       -0.0592314310   0.0555022618   0.0463671726
