           1           2  0.99906981886273538     
           2           3   1.4084767705687964     
           3           4   1.3147078329916448     
           4           5   1.5217699689276896     
           2           6   1.4085004438998674     
           3           6  0.10475234616194415     
           5           6   1.3146807575754904     
           1           7  0.97825796268906151     
           1           8  0.98681210511321504     
           1           9  0.98673374179176576     
           4          10  0.96330692199786294     
           5          11  0.96330780971275765     
