[double3(17.115500000000,0.000000000000,0.000000000000),double3(0.000000000000,17.115500000000,0.000000000000),double3(0.000000000000,0.000000000000,17.115500000000)]

double3(0.250000000000,0.125000000000,0.000000000000),
double3(0.294400000000,0.160050000000,0.015450000000),
double3(0.315900000000,0.184100000000,0.494200000000),
double3(0.305800000000,0.167700000000,0.053450000000),
double3(0.294207000000,0.153587000000,0.079067500000),
double3(0.312600000000,0.187400000000,0.450200000000),
double3(0.333237000000,0.208941500000,0.439651000000),
double3(0.319021000000,0.159342500000,0.437003000000),
double3(0.283243000000,0.196214500000,0.442439500000),
double3(0.250000000000,0.250000000000,0.000000000000),
double3(0.250000000000,0.250000000000,0.382500000000),
double3(0.390500000000,0.109500000000,0.030500000000),
double3(0.250000000000,0.250000000000,0.477000000000),
double3(0.390500000000,0.109500000000,0.010500000000),
double3(0.409000000000,0.091000000000,0.409000000000),
double3(0.250000000000,0.224000000000,0.386000000000),
double3(0.392000000000,0.108000000000,0.392000000000),
double3(0.250000000000,0.125000000000,0.500000000000),
double3(0.294400000000,0.160050000000,0.515450000000),
double3(0.315900000000,0.184100000000,0.994200000000),
double3(0.305800000000,0.167700000000,0.553450000000),
double3(0.294207000000,0.153587000000,0.579067500000),
double3(0.312600000000,0.187400000000,0.950200000000),
double3(0.333237000000,0.208941500000,0.939651000000),
double3(0.319021000000,0.159342500000,0.937003000000),
double3(0.283243000000,0.196214500000,0.942439500000),
double3(0.250000000000,0.250000000000,0.500000000000),
double3(0.250000000000,0.250000000000,0.882500000000),
double3(0.390500000000,0.109500000000,0.530500000000),
double3(0.250000000000,0.250000000000,0.977000000000),
double3(0.390500000000,0.109500000000,0.510500000000),
double3(0.409000000000,0.091000000000,0.909000000000),
double3(0.250000000000,0.224000000000,0.886000000000),
double3(0.392000000000,0.108000000000,0.892000000000),
double3(0.250000000000,0.625000000000,0.000000000000),
double3(0.294400000000,0.660050000000,0.015450000000),
double3(0.315900000000,0.684100000000,0.494200000000),
double3(0.305800000000,0.667700000000,0.053450000000),
double3(0.294207000000,0.653587000000,0.079067500000),
double3(0.312600000000,0.687400000000,0.450200000000),
double3(0.333237000000,0.708941500000,0.439651000000),
double3(0.319021000000,0.659342500000,0.437003000000),
double3(0.283243000000,0.696214500000,0.442439500000),
double3(0.250000000000,0.750000000000,0.000000000000),
double3(0.250000000000,0.750000000000,0.382500000000),
double3(0.390500000000,0.609500000000,0.030500000000),
double3(0.250000000000,0.750000000000,0.477000000000),
double3(0.390500000000,0.609500000000,0.010500000000),
double3(0.409000000000,0.591000000000,0.409000000000),
double3(0.250000000000,0.724000000000,0.386000000000),
double3(0.392000000000,0.608000000000,0.392000000000),
double3(0.250000000000,0.625000000000,0.500000000000),
double3(0.294400000000,0.660050000000,0.515450000000),
double3(0.315900000000,0.684100000000,0.994200000000),
double3(0.305800000000,0.667700000000,0.553450000000),
double3(0.294207000000,0.653587000000,0.579067500000),
double3(0.312600000000,0.687400000000,0.950200000000),
double3(0.333237000000,0.708941500000,0.939651000000),
double3(0.319021000000,0.659342500000,0.937003000000),
double3(0.283243000000,0.696214500000,0.942439500000),
double3(0.250000000000,0.750000000000,0.500000000000),
double3(0.250000000000,0.750000000000,0.882500000000),
double3(0.390500000000,0.609500000000,0.530500000000),
double3(0.250000000000,0.750000000000,0.977000000000),
double3(0.390500000000,0.609500000000,0.510500000000),
double3(0.409000000000,0.591000000000,0.909000000000),
double3(0.250000000000,0.724000000000,0.886000000000),
double3(0.392000000000,0.608000000000,0.892000000000),
double3(0.750000000000,0.125000000000,0.000000000000),
double3(0.794400000000,0.160050000000,0.015450000000),
double3(0.815900000000,0.184100000000,0.494200000000),
double3(0.805800000000,0.167700000000,0.053450000000),
double3(0.794207000000,0.153587000000,0.079067500000),
double3(0.812600000000,0.187400000000,0.450200000000),
double3(0.833237000000,0.208941500000,0.439651000000),
double3(0.819021000000,0.159342500000,0.437003000000),
double3(0.783243000000,0.196214500000,0.442439500000),
double3(0.750000000000,0.250000000000,0.000000000000),
double3(0.750000000000,0.250000000000,0.382500000000),
double3(0.890500000000,0.109500000000,0.030500000000),
double3(0.750000000000,0.250000000000,0.477000000000),
double3(0.890500000000,0.109500000000,0.010500000000),
double3(0.909000000000,0.091000000000,0.409000000000),
double3(0.750000000000,0.224000000000,0.386000000000),
double3(0.892000000000,0.108000000000,0.392000000000),
double3(0.750000000000,0.125000000000,0.500000000000),
double3(0.794400000000,0.160050000000,0.515450000000),
double3(0.815900000000,0.184100000000,0.994200000000),
double3(0.805800000000,0.167700000000,0.553450000000),
double3(0.794207000000,0.153587000000,0.579067500000),
double3(0.812600000000,0.187400000000,0.950200000000),
double3(0.833237000000,0.208941500000,0.939651000000),
double3(0.819021000000,0.159342500000,0.937003000000),
double3(0.783243000000,0.196214500000,0.942439500000),
double3(0.750000000000,0.250000000000,0.500000000000),
double3(0.750000000000,0.250000000000,0.882500000000),
double3(0.890500000000,0.109500000000,0.530500000000),
double3(0.750000000000,0.250000000000,0.977000000000),
double3(0.890500000000,0.109500000000,0.510500000000),
double3(0.909000000000,0.091000000000,0.909000000000),
double3(0.750000000000,0.224000000000,0.886000000000),
double3(0.892000000000,0.108000000000,0.892000000000),
double3(0.750000000000,0.625000000000,0.000000000000),
double3(0.794400000000,0.660050000000,0.015450000000),
double3(0.815900000000,0.684100000000,0.494200000000),
double3(0.805800000000,0.667700000000,0.053450000000),
double3(0.794207000000,0.653587000000,0.079067500000),
double3(0.812600000000,0.687400000000,0.450200000000),
double3(0.833237000000,0.708941500000,0.439651000000),
double3(0.819021000000,0.659342500000,0.437003000000),
double3(0.783243000000,0.696214500000,0.442439500000),
double3(0.750000000000,0.750000000000,0.000000000000),
double3(0.750000000000,0.750000000000,0.382500000000),
double3(0.890500000000,0.609500000000,0.030500000000),
double3(0.750000000000,0.750000000000,0.477000000000),
double3(0.890500000000,0.609500000000,0.010500000000),
double3(0.909000000000,0.591000000000,0.409000000000),
double3(0.750000000000,0.724000000000,0.386000000000),
double3(0.892000000000,0.608000000000,0.392000000000),
double3(0.750000000000,0.625000000000,0.500000000000),
double3(0.794400000000,0.660050000000,0.515450000000),
double3(0.815900000000,0.684100000000,0.994200000000),
double3(0.805800000000,0.667700000000,0.553450000000),
double3(0.794207000000,0.653587000000,0.579067500000),
double3(0.812600000000,0.687400000000,0.950200000000),
double3(0.833237000000,0.708941500000,0.939651000000),
double3(0.819021000000,0.659342500000,0.937003000000),
double3(0.783243000000,0.696214500000,0.942439500000),
double3(0.750000000000,0.750000000000,0.500000000000),
double3(0.750000000000,0.750000000000,0.882500000000),
double3(0.890500000000,0.609500000000,0.530500000000),
double3(0.750000000000,0.750000000000,0.977000000000),
double3(0.890500000000,0.609500000000,0.510500000000),
double3(0.909000000000,0.591000000000,0.909000000000),
double3(0.750000000000,0.724000000000,0.886000000000),
double3(0.892000000000,0.608000000000,0.892000000000),
