[double3(13.271500000000,0.000000000000,0.000000000000),double3(0.000000000000,13.271500000000,0.000000000000),double3(0.000000000000,0.000000000000,14.625800000000)]

double3(0.253760000000,0.256025000000,0.310820000000),
double3(0.242500000000,0.195550000000,0.226850000000),
double3(0.243350000000,0.314200000000,0.223450000000),
double3(0.250300000000,0.316700000000,0.270100000000),
double3(0.238400000000,0.146500000000,0.213400000000),
double3(0.229700000000,0.136350000000,0.184000000000),
double3(0.244150000000,0.361850000000,0.209150000000),
double3(0.242700000000,0.371450000000,0.178600000000),
double3(0.253400000000,0.194350000000,0.271350000000),
double3(0.248600000000,0.114150000000,0.248450000000),
double3(0.254650000000,0.146950000000,0.285800000000),
double3(0.258850000000,0.137000000000,0.316000000000),
double3(0.247450000000,0.395550000000,0.245700000000),
double3(0.258250000000,0.478650000000,0.288350000000),
double3(0.268200000000,0.461800000000,0.314700000000),
double3(0.247550000000,0.451350000000,0.248100000000),
double3(0.239350000000,0.479200000000,0.209750000000),
double3(0.234150000000,0.031150000000,0.210500000000),
double3(0.224250000000,0.048450000000,0.184350000000),
double3(0.244050000000,0.057600000000,0.251700000000),
double3(0.253750000000,0.030950000000,0.288400000000),
double3(0.253150000000,0.364500000000,0.282850000000),
double3(0.258200000000,0.375400000000,0.312700000000),
double3(0.267550000000,0.052900000000,0.327700000000),
double3(0.230550000000,0.458050000000,0.169200000000),
double3(0.253760000000,0.256025000000,0.810820000000),
double3(0.242500000000,0.195550000000,0.726850000000),
double3(0.243350000000,0.314200000000,0.723450000000),
double3(0.250300000000,0.316700000000,0.770100000000),
double3(0.238400000000,0.146500000000,0.713400000000),
double3(0.229700000000,0.136350000000,0.684000000000),
double3(0.244150000000,0.361850000000,0.709150000000),
double3(0.242700000000,0.371450000000,0.678600000000),
double3(0.253400000000,0.194350000000,0.771350000000),
double3(0.248600000000,0.114150000000,0.748450000000),
double3(0.254650000000,0.146950000000,0.785800000000),
double3(0.258850000000,0.137000000000,0.816000000000),
double3(0.247450000000,0.395550000000,0.745700000000),
double3(0.258250000000,0.478650000000,0.788350000000),
double3(0.268200000000,0.461800000000,0.814700000000),
double3(0.247550000000,0.451350000000,0.748100000000),
double3(0.239350000000,0.479200000000,0.709750000000),
double3(0.234150000000,0.031150000000,0.710500000000),
double3(0.224250000000,0.048450000000,0.684350000000),
double3(0.244050000000,0.057600000000,0.751700000000),
double3(0.253750000000,0.030950000000,0.788400000000),
double3(0.253150000000,0.364500000000,0.782850000000),
double3(0.258200000000,0.375400000000,0.812700000000),
double3(0.267550000000,0.052900000000,0.827700000000),
double3(0.230550000000,0.458050000000,0.669200000000),
double3(0.253760000000,0.756025000000,0.310820000000),
double3(0.242500000000,0.695550000000,0.226850000000),
double3(0.243350000000,0.814200000000,0.223450000000),
double3(0.250300000000,0.816700000000,0.270100000000),
double3(0.238400000000,0.646500000000,0.213400000000),
double3(0.229700000000,0.636350000000,0.184000000000),
double3(0.244150000000,0.861850000000,0.209150000000),
double3(0.242700000000,0.871450000000,0.178600000000),
double3(0.253400000000,0.694350000000,0.271350000000),
double3(0.248600000000,0.614150000000,0.248450000000),
double3(0.254650000000,0.646950000000,0.285800000000),
double3(0.258850000000,0.637000000000,0.316000000000),
double3(0.247450000000,0.895550000000,0.245700000000),
double3(0.258250000000,0.978650000000,0.288350000000),
double3(0.268200000000,0.961800000000,0.314700000000),
double3(0.247550000000,0.951350000000,0.248100000000),
double3(0.239350000000,0.979200000000,0.209750000000),
double3(0.234150000000,0.531150000000,0.210500000000),
double3(0.224250000000,0.548450000000,0.184350000000),
double3(0.244050000000,0.557600000000,0.251700000000),
double3(0.253750000000,0.530950000000,0.288400000000),
double3(0.253150000000,0.864500000000,0.282850000000),
double3(0.258200000000,0.875400000000,0.312700000000),
double3(0.267550000000,0.552900000000,0.327700000000),
double3(0.230550000000,0.958050000000,0.169200000000),
double3(0.253760000000,0.756025000000,0.810820000000),
double3(0.242500000000,0.695550000000,0.726850000000),
double3(0.243350000000,0.814200000000,0.723450000000),
double3(0.250300000000,0.816700000000,0.770100000000),
double3(0.238400000000,0.646500000000,0.713400000000),
double3(0.229700000000,0.636350000000,0.684000000000),
double3(0.244150000000,0.861850000000,0.709150000000),
double3(0.242700000000,0.871450000000,0.678600000000),
double3(0.253400000000,0.694350000000,0.771350000000),
double3(0.248600000000,0.614150000000,0.748450000000),
double3(0.254650000000,0.646950000000,0.785800000000),
double3(0.258850000000,0.637000000000,0.816000000000),
double3(0.247450000000,0.895550000000,0.745700000000),
double3(0.258250000000,0.978650000000,0.788350000000),
double3(0.268200000000,0.961800000000,0.814700000000),
double3(0.247550000000,0.951350000000,0.748100000000),
double3(0.239350000000,0.979200000000,0.709750000000),
double3(0.234150000000,0.531150000000,0.710500000000),
double3(0.224250000000,0.548450000000,0.684350000000),
double3(0.244050000000,0.557600000000,0.751700000000),
double3(0.253750000000,0.530950000000,0.788400000000),
double3(0.253150000000,0.864500000000,0.782850000000),
double3(0.258200000000,0.875400000000,0.812700000000),
double3(0.267550000000,0.552900000000,0.827700000000),
double3(0.230550000000,0.958050000000,0.669200000000),
double3(0.753760000000,0.256025000000,0.310820000000),
double3(0.742500000000,0.195550000000,0.226850000000),
double3(0.743350000000,0.314200000000,0.223450000000),
double3(0.750300000000,0.316700000000,0.270100000000),
double3(0.738400000000,0.146500000000,0.213400000000),
double3(0.729700000000,0.136350000000,0.184000000000),
double3(0.744150000000,0.361850000000,0.209150000000),
double3(0.742700000000,0.371450000000,0.178600000000),
double3(0.753400000000,0.194350000000,0.271350000000),
double3(0.748600000000,0.114150000000,0.248450000000),
double3(0.754650000000,0.146950000000,0.285800000000),
double3(0.758850000000,0.137000000000,0.316000000000),
double3(0.747450000000,0.395550000000,0.245700000000),
double3(0.758250000000,0.478650000000,0.288350000000),
double3(0.768200000000,0.461800000000,0.314700000000),
double3(0.747550000000,0.451350000000,0.248100000000),
double3(0.739350000000,0.479200000000,0.209750000000),
double3(0.734150000000,0.031150000000,0.210500000000),
double3(0.724250000000,0.048450000000,0.184350000000),
double3(0.744050000000,0.057600000000,0.251700000000),
double3(0.753750000000,0.030950000000,0.288400000000),
double3(0.753150000000,0.364500000000,0.282850000000),
double3(0.758200000000,0.375400000000,0.312700000000),
double3(0.767550000000,0.052900000000,0.327700000000),
double3(0.730550000000,0.458050000000,0.169200000000),
double3(0.753760000000,0.256025000000,0.810820000000),
double3(0.742500000000,0.195550000000,0.726850000000),
double3(0.743350000000,0.314200000000,0.723450000000),
double3(0.750300000000,0.316700000000,0.770100000000),
double3(0.738400000000,0.146500000000,0.713400000000),
double3(0.729700000000,0.136350000000,0.684000000000),
double3(0.744150000000,0.361850000000,0.709150000000),
double3(0.742700000000,0.371450000000,0.678600000000),
double3(0.753400000000,0.194350000000,0.771350000000),
double3(0.748600000000,0.114150000000,0.748450000000),
double3(0.754650000000,0.146950000000,0.785800000000),
double3(0.758850000000,0.137000000000,0.816000000000),
double3(0.747450000000,0.395550000000,0.745700000000),
double3(0.758250000000,0.478650000000,0.788350000000),
double3(0.768200000000,0.461800000000,0.814700000000),
double3(0.747550000000,0.451350000000,0.748100000000),
double3(0.739350000000,0.479200000000,0.709750000000),
double3(0.734150000000,0.031150000000,0.710500000000),
double3(0.724250000000,0.048450000000,0.684350000000),
double3(0.744050000000,0.057600000000,0.751700000000),
double3(0.753750000000,0.030950000000,0.788400000000),
double3(0.753150000000,0.364500000000,0.782850000000),
double3(0.758200000000,0.375400000000,0.812700000000),
double3(0.767550000000,0.052900000000,0.827700000000),
double3(0.730550000000,0.458050000000,0.669200000000),
double3(0.753760000000,0.756025000000,0.310820000000),
double3(0.742500000000,0.695550000000,0.226850000000),
double3(0.743350000000,0.814200000000,0.223450000000),
double3(0.750300000000,0.816700000000,0.270100000000),
double3(0.738400000000,0.646500000000,0.213400000000),
double3(0.729700000000,0.636350000000,0.184000000000),
double3(0.744150000000,0.861850000000,0.209150000000),
double3(0.742700000000,0.871450000000,0.178600000000),
double3(0.753400000000,0.694350000000,0.271350000000),
double3(0.748600000000,0.614150000000,0.248450000000),
double3(0.754650000000,0.646950000000,0.285800000000),
double3(0.758850000000,0.637000000000,0.316000000000),
double3(0.747450000000,0.895550000000,0.245700000000),
double3(0.758250000000,0.978650000000,0.288350000000),
double3(0.768200000000,0.961800000000,0.314700000000),
double3(0.747550000000,0.951350000000,0.248100000000),
double3(0.739350000000,0.979200000000,0.209750000000),
double3(0.734150000000,0.531150000000,0.210500000000),
double3(0.724250000000,0.548450000000,0.184350000000),
double3(0.744050000000,0.557600000000,0.251700000000),
double3(0.753750000000,0.530950000000,0.288400000000),
double3(0.753150000000,0.864500000000,0.282850000000),
double3(0.758200000000,0.875400000000,0.312700000000),
double3(0.767550000000,0.552900000000,0.327700000000),
double3(0.730550000000,0.958050000000,0.169200000000),
double3(0.753760000000,0.756025000000,0.810820000000),
double3(0.742500000000,0.695550000000,0.726850000000),
double3(0.743350000000,0.814200000000,0.723450000000),
double3(0.750300000000,0.816700000000,0.770100000000),
double3(0.738400000000,0.646500000000,0.713400000000),
double3(0.729700000000,0.636350000000,0.684000000000),
double3(0.744150000000,0.861850000000,0.709150000000),
double3(0.742700000000,0.871450000000,0.678600000000),
double3(0.753400000000,0.694350000000,0.771350000000),
double3(0.748600000000,0.614150000000,0.748450000000),
double3(0.754650000000,0.646950000000,0.785800000000),
double3(0.758850000000,0.637000000000,0.816000000000),
double3(0.747450000000,0.895550000000,0.745700000000),
double3(0.758250000000,0.978650000000,0.788350000000),
double3(0.768200000000,0.961800000000,0.814700000000),
double3(0.747550000000,0.951350000000,0.748100000000),
double3(0.739350000000,0.979200000000,0.709750000000),
double3(0.734150000000,0.531150000000,0.710500000000),
double3(0.724250000000,0.548450000000,0.684350000000),
double3(0.744050000000,0.557600000000,0.751700000000),
double3(0.753750000000,0.530950000000,0.788400000000),
double3(0.753150000000,0.864500000000,0.782850000000),
double3(0.758200000000,0.875400000000,0.812700000000),
double3(0.767550000000,0.552900000000,0.827700000000),
double3(0.730550000000,0.958050000000,0.669200000000),
