$hessian                                                                        
        0.4817707675  -0.0036685335  -0.0011904591  -0.2308958757  -0.0069284345
       -0.0012209589  -0.0223194654  -0.0040737525  -0.0012596719  -0.0029428767
       -0.0016773653  -0.0005006553  -0.0030393591   0.0008921766   0.0003453879
       -0.0221379715   0.0053058989   0.0019301617  -0.0650502406  -0.0128266894
       -0.0708826257  -0.0634574365  -0.0519407910   0.0468734329  -0.0702696178
        0.0756177758   0.0261251168  -0.0009647215   0.0004252959   0.0001484770
       -0.0008690049  -0.0004381954  -0.0001141233   0.0001758022  -0.0006873857
       -0.0002540821
       -0.0036685335   0.5247068750   0.0118457232  -0.0039552691  -0.0637074082
       -0.0028583002  -0.0244529864  -0.0000231914   0.0010971639  -0.0037754982
       -0.0026457569  -0.0033633005   0.0005743129  -0.0048785619  -0.0028706794
        0.0285004612   0.0001798515   0.0007149162  -0.0133752299  -0.0502751567
       -0.0405826244  -0.0545006444  -0.1630173365   0.1042984071   0.0745446584
       -0.2421551232  -0.0684964068  -0.0013482718   0.0005767392  -0.0000916623
        0.0013775682   0.0005788993  -0.0001403950   0.0000794326   0.0006601698
        0.0004471582
       -0.0011904591   0.0118457232   0.4942945362  -0.0001868608  -0.0028525526
       -0.0562750397  -0.0082890816   0.0009705702  -0.0023578565  -0.0011947099
       -0.0033927680   0.0060803547   0.0002213398  -0.0028784062   0.0024870655
        0.0099166274   0.0008881721  -0.0022178578  -0.0742742243  -0.0410322859
       -0.2434617221   0.0492037350   0.1047407631  -0.1323140853   0.0257359817
       -0.0685115841  -0.0675038073  -0.0004518297  -0.0000996150   0.0008313221
        0.0004875052  -0.0001293963   0.0009244935   0.0000219763   0.0004513794
       -0.0004874033
       -0.2308958757  -0.0039552691  -0.0001868608   0.7788651711   0.0662712312
        0.0185497856  -0.1835560560  -0.1425713098  -0.0481097022  -0.0839886390
       -0.0123575299  -0.0036311565  -0.0620400374   0.0054312819   0.0023209008
       -0.1609149081   0.1022655789   0.0358029791  -0.0194174775  -0.0031428732
       -0.0067393730  -0.0190404210  -0.0066553690   0.0036338615  -0.0144090084
        0.0048288494   0.0017744452  -0.0077837991   0.0024673881   0.0009350375
       -0.0055151392  -0.0028657409  -0.0009138259   0.0086961903  -0.0097162376
       -0.0034360913
       -0.0069284345  -0.0637074082  -0.0028525526   0.0662712312   0.5582102731
        0.1383665141  -0.1375799090  -0.2921289752  -0.0764405449  -0.0579953673
        0.0152102043   0.0032339001   0.0367624786  -0.0115275524  -0.0069113532
        0.0952531922  -0.1833565450  -0.0462177822  -0.0078094841   0.0002270060
       -0.0018814220  -0.0239674110  -0.0016243157   0.0012172841   0.0291666744
       -0.0020350605  -0.0010616141   0.0003327178  -0.0004340376  -0.0020056008
       -0.0011874387  -0.0028715053  -0.0022073340   0.0076817503  -0.0159620837
       -0.0032394946
       -0.0012209589  -0.0028583002  -0.0562750397   0.0185497856   0.1383665141
        0.2008548868  -0.0464016199  -0.0763874803  -0.0924930824  -0.0192755802
        0.0029320524   0.0080204591   0.0130253163  -0.0067048742   0.0054717796
        0.0334756933  -0.0462883982  -0.0664893175  -0.0289221639  -0.0012558611
       -0.0002266991   0.0182850684   0.0004330094   0.0012053735   0.0101002432
       -0.0008839670   0.0000730603   0.0002031651  -0.0020350620   0.0047645869
       -0.0003494570  -0.0021839873   0.0028129857   0.0025305082  -0.0031336457
       -0.0077189931
       -0.0223194654  -0.0244529864  -0.0082890816  -0.1835560560  -0.1375799090
       -0.0464016199   0.5348391907   0.0441183060   0.0121652356  -0.2708584396
        0.0652101513   0.0237581028  -0.0258740918   0.0903085977   0.0312157691
       -0.0096539432  -0.0451186049  -0.0152936233  -0.0017897260  -0.0007885177
        0.0007006825  -0.0017656866  -0.0002366940  -0.0009854485   0.0025107057
       -0.0002202496  -0.0001196876  -0.0211355315   0.0038498400   0.0014680065
        0.0002513361   0.0055577209   0.0019294870  -0.0006482924  -0.0006476544
       -0.0001478227
       -0.0040737525  -0.0000231914   0.0009705702  -0.1425713098  -0.2921289752
       -0.0763874803   0.0441183060   0.5459337637   0.1550546962   0.0748465688
       -0.1148855220  -0.0188701455   0.0207279250  -0.0318664776  -0.0157728194
        0.0160391879  -0.1023634245  -0.0408136204   0.0020159764   0.0003773435
        0.0010242125   0.0007749882   0.0007411541  -0.0004005461   0.0004492430
        0.0004536184   0.0003855733  -0.0188547127   0.0062065466   0.0040471606
       -0.0024128966  -0.0050071083  -0.0044691192   0.0089404763  -0.0074377273
       -0.0047684821
       -0.0012596719   0.0010971639  -0.0023578565  -0.0481097022  -0.0764405449
       -0.0924930824   0.0121652356   0.1550546962   0.1460064881   0.0270870141
       -0.0188069848  -0.0679393006   0.0073583391  -0.0162562978   0.0081473077
        0.0056729081  -0.0403919448   0.0024704437  -0.0013065922   0.0001012481
       -0.0000893958   0.0022853699   0.0005603573  -0.0004782193   0.0001324621
        0.0003952268  -0.0005602995  -0.0063622198   0.0039017558  -0.0038721449
       -0.0007755621  -0.0045110194   0.0065015805   0.0031124193  -0.0047036563
        0.0046644789
       -0.0029428767  -0.0037754982  -0.0011947099  -0.0839886390  -0.0579953673
       -0.0192755802  -0.2708584396   0.0748465688   0.0270870141   0.6491123016
        0.1308309792   0.0413082477  -0.0710201017  -0.0186746084  -0.0061956413
       -0.0168513818  -0.0127109799  -0.0041989007  -0.0020906128  -0.0000086940
        0.0000032144  -0.0021138198  -0.0000165653  -0.0000293247   0.0003276281
       -0.0003820128  -0.0001261511  -0.1931776272  -0.1314240103  -0.0440120803
        0.0002283117   0.0180667962   0.0061671998  -0.0066247427   0.0012433919
        0.0004667123
       -0.0016773653  -0.0026457569  -0.0033927680  -0.0123575299   0.0152102043
        0.0029320524   0.0652101513  -0.1148855220  -0.0188069848   0.1308309792
        0.6756648188   0.1909857356   0.0164439663  -0.3583012768  -0.1069278006
       -0.0650352281  -0.0525718009  -0.0198085743   0.0001521618  -0.0003555268
        0.0002993786   0.0011261097   0.0001743564  -0.0004311019   0.0002932925
        0.0003469105   0.0001190188  -0.1303378757  -0.1529557570  -0.0423357003
       -0.0001822295  -0.0088033435  -0.0012540493  -0.0044664323  -0.0008773061
       -0.0013792062
       -0.0005006553  -0.0033633005   0.0060803547  -0.0036311565   0.0032339001
        0.0080204591   0.0237581028  -0.0188701455  -0.0679393006   0.0413082477
        0.1909857356   0.1813911011   0.0058252454  -0.1066681113  -0.0834768385
       -0.0221773186  -0.0201525246  -0.0003191886   0.0016653331   0.0002335103
        0.0003398886  -0.0011971299  -0.0003737948  -0.0001591616   0.0000977899
        0.0001216359   0.0000437655  -0.0435858786  -0.0423423982  -0.0411533488
       -0.0000980339  -0.0013808110  -0.0055994222  -0.0014645462  -0.0014236960
        0.0027716913
       -0.0030393591   0.0005743129   0.0002213398  -0.0620400374   0.0367624786
        0.0130253163  -0.0258740918   0.0207279250   0.0073583391  -0.0710201017
        0.0164439663   0.0058252454   0.6649495116  -0.1240421771  -0.0463667930
       -0.2964744254  -0.0629278419  -0.0199624778  -0.0014674839   0.0003835302
       -0.0003406195  -0.0014768786   0.0001632292   0.0006111614  -0.0004762228
       -0.0008264795  -0.0002498620   0.0005954628  -0.0195643833  -0.0067112135
       -0.1999113021   0.1336764275   0.0470819439  -0.0037650714  -0.0013709881
       -0.0004923802
        0.0008921766  -0.0048785619  -0.0028784062   0.0054312819  -0.0115275524
       -0.0067048742   0.0903085977  -0.0318664776  -0.0162562978  -0.0186746084
       -0.3583012768  -0.1066681113  -0.1240421771   0.6649322942   0.1955003997
       -0.0576085758  -0.0934321182  -0.0169602000  -0.0016139813   0.0001681705
       -0.0003828001  -0.0013234069  -0.0001010624   0.0004836814   0.0010349457
       -0.0002781792  -0.0001719996   0.0006221807  -0.0135201587  -0.0029551298
        0.1288637606  -0.1452023968  -0.0432204139  -0.0238901937  -0.0059926807
        0.0002141519
        0.0003453879  -0.0028706794   0.0024870655   0.0023209008  -0.0069113532
        0.0054717796   0.0312157691  -0.0157728194   0.0081473077  -0.0061956413
       -0.1069278006  -0.0834768385  -0.0463667930   0.1955003997   0.1646120883
       -0.0180269834  -0.0168992158  -0.0485716801  -0.0000849603   0.0001060857
       -0.0001764065  -0.0009031431  -0.0000464239   0.0000964895   0.0003592195
       -0.0001627165   0.0001571299   0.0001713933  -0.0028265326  -0.0058652669
        0.0453775621  -0.0432502348  -0.0368063855  -0.0082127115   0.0000612908
       -0.0060752830
       -0.0221379715   0.0285004612   0.0099166274  -0.1609149081   0.0952531922
        0.0334756933  -0.0096539432   0.0160391879   0.0056729081  -0.0168513818
       -0.0650352281  -0.0221773186  -0.2964744254  -0.0576085758  -0.0180269834
        0.6153722118   0.0912393102   0.0277932783   0.0022683657   0.0004303214
        0.0010737807   0.0022747934   0.0008816707  -0.0007046732  -0.0073153258
        0.0005940107   0.0002021384   0.0002822065  -0.0010828581  -0.0003468181
       -0.0234186856  -0.0082746532  -0.0027824840  -0.0834309360  -0.1009368390
       -0.0340961489
        0.0053058989   0.0001798515   0.0008881721   0.1022655789  -0.1833565450
       -0.0462883982  -0.0451186049  -0.1023634245  -0.0403919448  -0.0127109799
       -0.0525718009  -0.0201525246  -0.0629278419  -0.0934321182  -0.0168992158
        0.0912393102   0.7520924586   0.2306084470  -0.0006509405  -0.0001209744
       -0.0000952459  -0.0005648018  -0.0000012234  -0.0003336581  -0.0001492885
        0.0004494028  -0.0001100734   0.0026465487  -0.0046045920  -0.0039513294
        0.0184750412   0.0060490622   0.0033197323  -0.0978099204  -0.3223200966
       -0.1065939613
        0.0019301617   0.0007149162  -0.0022178578   0.0358029791  -0.0462177822
       -0.0664893175  -0.0152936233  -0.0408136204   0.0024704437  -0.0041989007
       -0.0198085743  -0.0003191886  -0.0199624778  -0.0169602000  -0.0485716801
        0.0277932783   0.2306084470   0.1567059146  -0.0000792289  -0.0002106660
        0.0004994806  -0.0003630178  -0.0002060662   0.0004203657   0.0000034078
       -0.0001331449   0.0007805532   0.0009512976  -0.0039033867   0.0054526500
        0.0064676689   0.0034876756  -0.0028098091  -0.0330515448  -0.1065575981
       -0.0459215547
       -0.0650502406  -0.0133752299  -0.0742742243  -0.0194174775  -0.0078094841
       -0.0289221639  -0.0017897260   0.0020159764  -0.0013065922  -0.0020906128
        0.0001521618   0.0016653331  -0.0014674839  -0.0016139813  -0.0000849603
        0.0022683657  -0.0006509405  -0.0000792289   0.0798714432   0.0177150560
        0.0854880637   0.0039440960   0.0012801782   0.0080971163   0.0039920803
        0.0019472060   0.0092867034  -0.0002134047   0.0000281159   0.0003488443
        0.0001249683  -0.0000514431   0.0001392986  -0.0001720079   0.0003623847
       -0.0003581898
       -0.0128266894  -0.0502751567  -0.0410322859  -0.0031428732   0.0002270060
       -0.0012558611  -0.0007885177   0.0003773435   0.0001012481  -0.0000086940
       -0.0003555268   0.0002335103   0.0003835302   0.0001681705   0.0001060857
        0.0004303214  -0.0001209744  -0.0002106660   0.0177150560   0.0543850726
        0.0473877300   0.0062596052   0.0032053770   0.0233867247  -0.0082214736
       -0.0075718795  -0.0285881979  -0.0000534294  -0.0000047565   0.0000006449
       -0.0000023770   0.0000286410  -0.0000790536   0.0002555415  -0.0000633167
       -0.0000498793
       -0.0708826257  -0.0405826244  -0.2434617221  -0.0067393730  -0.0018814220
       -0.0002266991   0.0007006825   0.0010242125  -0.0000893958   0.0000032144
        0.0002993786   0.0003398886  -0.0003406195  -0.0003828001  -0.0001764065
        0.0010737807  -0.0000952459   0.0004994806   0.0854880637   0.0473877300
        0.2807619275  -0.0059475680  -0.0014017145  -0.0251654673  -0.0031273179
       -0.0047417516  -0.0124820535   0.0000002434   0.0000239523   0.0000729939
        0.0000651845   0.0000404541  -0.0000095415  -0.0002936651   0.0003098310
       -0.0000630048
       -0.0634574365  -0.0545006444   0.0492037350  -0.0190404210  -0.0239674110
        0.0182850684  -0.0017656866   0.0007749882   0.0022853699  -0.0021138198
        0.0011261097  -0.0011971299  -0.0014768786  -0.0013234069  -0.0009031431
        0.0022747934  -0.0005648018  -0.0003630178   0.0039440960   0.0062596052
       -0.0059475680   0.0780027642   0.0645624142  -0.0552737315   0.0038926242
        0.0072903699  -0.0061949553  -0.0002180123   0.0002354271  -0.0002549962
        0.0001216811   0.0000437848  -0.0001414258  -0.0001637040   0.0000635651
        0.0005017944
       -0.0519407910  -0.1630173365   0.1047407631  -0.0066553690  -0.0016243157
        0.0004330094  -0.0002366940   0.0007411541   0.0005603573  -0.0000165653
        0.0001743564  -0.0003737948   0.0001632292  -0.0001010624  -0.0000464239
        0.0008816707  -0.0000012234  -0.0002060662   0.0012801782   0.0032053770
       -0.0014017145   0.0645624142   0.1861000827  -0.1223836481  -0.0080687745
       -0.0255737263   0.0184804773  -0.0000415648   0.0000348965  -0.0000292071
        0.0000399423  -0.0000009178   0.0000820020   0.0000323240   0.0000627154
        0.0001442454
        0.0468734329   0.1042984071  -0.1323140853   0.0036338615   0.0012172841
        0.0012053735  -0.0009854485  -0.0004005461  -0.0004782193  -0.0000293247
       -0.0004311019  -0.0001591616   0.0006111614   0.0004836814   0.0000964895
       -0.0007046732  -0.0003336581   0.0004203657   0.0080971163   0.0233867247
       -0.0251654673  -0.0552737315  -0.1223836481   0.1509080739  -0.0025321012
       -0.0055299279   0.0056243531  -0.0000275681  -0.0000567412   0.0000340563
       -0.0000566597  -0.0000396927   0.0000256497   0.0003939347  -0.0002107813
       -0.0001974284
       -0.0702696178   0.0745446584   0.0257359817  -0.0144090084   0.0291666744
        0.0101002432   0.0025107057   0.0004492430   0.0001324621   0.0003276281
        0.0002932925   0.0000977899  -0.0004762228   0.0010349457   0.0003592195
       -0.0073153258  -0.0001492885   0.0000034078   0.0039920803  -0.0082214736
       -0.0031273179   0.0038926242  -0.0080687745  -0.0025321012   0.0821831341
       -0.0885161979  -0.0305914084   0.0001580843  -0.0000381690  -0.0000124275
       -0.0003958794  -0.0002211838  -0.0000740714  -0.0001982026  -0.0002737267
       -0.0000917779
        0.0756177758  -0.2421551232  -0.0685115841   0.0048288494  -0.0020350605
       -0.0008839670  -0.0002202496   0.0004536184   0.0003952268  -0.0003820128
        0.0003469105   0.0001216359  -0.0008264795  -0.0002781792  -0.0001627165
        0.0005940107   0.0004494028  -0.0001331449   0.0019472060  -0.0075718795
       -0.0047417516   0.0072903699  -0.0255737263  -0.0055299279  -0.0885161979
        0.2759776142   0.0793105771  -0.0000965206   0.0000547804   0.0000301700
       -0.0000219045   0.0000941058   0.0000221763  -0.0002148469   0.0002375365
        0.0000833060
        0.0261251168  -0.0684964068  -0.0675038073   0.0017744452  -0.0010616141
        0.0000730603  -0.0001196876   0.0003855733  -0.0005602995  -0.0001261511
        0.0001190188   0.0000437655  -0.0002498620  -0.0001719996   0.0001571299
        0.0002021384  -0.0001100734   0.0007805532   0.0092867034  -0.0285881979
       -0.0124820535  -0.0061949553   0.0184804773   0.0056243531  -0.0305914084
        0.0793105771   0.0738256900  -0.0000338794   0.0000295960  -0.0000281730
       -0.0000043737   0.0000227201   0.0000430206  -0.0000680863   0.0000803290
        0.0000267606
       -0.0009647215  -0.0013482718  -0.0004518297  -0.0077837991   0.0003327178
        0.0002031651  -0.0211355315  -0.0188547127  -0.0063622198  -0.1931776272
       -0.1303378757  -0.0435858786   0.0005954628   0.0006221807   0.0001713933
        0.0002822065   0.0026465487   0.0009512976  -0.0002134047  -0.0000534294
        0.0000002434  -0.0002180123  -0.0000415648  -0.0000275681   0.0001580843
       -0.0000965206  -0.0000338794   0.2221062619   0.1466587000   0.0489644131
        0.0001558593   0.0001696569   0.0000579856   0.0001952213   0.0003025710
        0.0001128774
        0.0004252959   0.0005767392  -0.0000996150   0.0024673881  -0.0004340376
       -0.0020350620   0.0038498400   0.0062065466   0.0039017558  -0.1314240103
       -0.1529557570  -0.0423423982  -0.0195643833  -0.0135201587  -0.0028265326
       -0.0010828581  -0.0046045920  -0.0039033867   0.0000281159  -0.0000047565
        0.0000239523   0.0002354271   0.0000348965  -0.0000567412  -0.0000381690
        0.0000547804   0.0000295960   0.1466587000   0.1645918405   0.0477730173
       -0.0002548989  -0.0000977245  -0.0000407315  -0.0013004473   0.0001522229
       -0.0004238542
        0.0001484770  -0.0000916623   0.0008313221   0.0009350375  -0.0020056008
        0.0047645869   0.0014680065   0.0040471606  -0.0038721449  -0.0440120803
       -0.0423357003  -0.0411533488  -0.0067112135  -0.0029551298  -0.0058652669
       -0.0003468181  -0.0039513294   0.0054526500   0.0003488443   0.0000006449
        0.0000729939  -0.0002549962  -0.0000292071   0.0000340563  -0.0000124275
        0.0000301700  -0.0000281730   0.0489644131   0.0477730173   0.0384907064
       -0.0000886357  -0.0000449620   0.0000022274  -0.0004386073  -0.0004374012
        0.0012703906
       -0.0008690049   0.0013775682   0.0004875052  -0.0055151392  -0.0011874387
       -0.0003494570   0.0002513361  -0.0024128966  -0.0007755621   0.0002283117
       -0.0001822295  -0.0000980339  -0.1999113021   0.1288637606   0.0453775621
       -0.0234186856   0.0184750412   0.0064676689   0.0001249683  -0.0000023770
        0.0000651845   0.0001216811   0.0000399423  -0.0000566597  -0.0003958794
       -0.0000219045  -0.0000043737   0.0001558593  -0.0002548989  -0.0000886357
        0.2291490358  -0.1455038990  -0.0512988554   0.0000788189   0.0008093322
        0.0002736569
       -0.0004381954   0.0005788993  -0.0001293963  -0.0028657409  -0.0028715053
       -0.0021839873   0.0055577209  -0.0050071083  -0.0045110194   0.0180667962
       -0.0088033435  -0.0013808110   0.1336764275  -0.1452023968  -0.0432502348
       -0.0082746532   0.0060490622   0.0034876756  -0.0000514431   0.0000286410
        0.0000404541   0.0000437848  -0.0000009178  -0.0000396927  -0.0002211838
        0.0000941058   0.0000227201   0.0001696569  -0.0000977245  -0.0000449620
       -0.1455038990   0.1548466618   0.0476737170  -0.0001592708   0.0003856261
        0.0003155366
       -0.0001141233  -0.0001403950   0.0009244935  -0.0009138259  -0.0022073340
        0.0028129857   0.0019294870  -0.0044691192   0.0065015805   0.0061671998
       -0.0012540493  -0.0055994222   0.0470819439  -0.0432204139  -0.0368063855
       -0.0027824840   0.0033197323  -0.0028098091   0.0001392986  -0.0000790536
       -0.0000095415  -0.0001414258   0.0000820020   0.0000256497  -0.0000740714
        0.0000221763   0.0000430206   0.0000579856  -0.0000407315   0.0000022274
       -0.0512988554   0.0476737170   0.0353490862  -0.0000511291   0.0003134689
       -0.0004338852
        0.0001758022   0.0000794326   0.0000219763   0.0086961903   0.0076817503
        0.0025305082  -0.0006482924   0.0089404763   0.0031124193  -0.0066247427
       -0.0044664323  -0.0014645462  -0.0037650714  -0.0238901937  -0.0082127115
       -0.0834309360  -0.0978099204  -0.0330515448  -0.0001720079   0.0002555415
       -0.0002936651  -0.0001637040   0.0000323240   0.0003939347  -0.0001982026
       -0.0002148469  -0.0000680863   0.0001952213  -0.0013004473  -0.0004386073
        0.0000788189  -0.0001592708  -0.0000511291   0.0858569245   0.1108515867
        0.0375214518
       -0.0006873857   0.0006601698   0.0004513794  -0.0097162376  -0.0159620837
       -0.0031336457  -0.0006476544  -0.0074377273  -0.0047036563   0.0012433919
       -0.0008773061  -0.0014236960  -0.0013709881  -0.0059926807   0.0000612908
       -0.1009368390  -0.3223200966  -0.1065575981   0.0003623847  -0.0000633167
        0.0003098310   0.0000635651   0.0000627154  -0.0002107813  -0.0002737267
        0.0002375365   0.0000803290   0.0003025710   0.0001522229  -0.0004374012
        0.0008093322   0.0003856261   0.0003134689   0.1108515867   0.3511549404
        0.1152504795
       -0.0002540821   0.0004471582  -0.0004874033  -0.0034360913  -0.0032394946
       -0.0077189931  -0.0001478227  -0.0047684821   0.0046644789   0.0004667123
       -0.0013792062   0.0027716913  -0.0004923802   0.0002141519  -0.0060752830
       -0.0340961489  -0.1065939613  -0.0459215547  -0.0003581898  -0.0000498793
       -0.0000630048   0.0005017944   0.0001442454  -0.0001974284  -0.0000917779
        0.0000833060   0.0000267606   0.0001128774  -0.0004238542   0.0012703906
        0.0002736569   0.0003155366  -0.0004338852   0.0375214518   0.1152504795
        0.0521642311
