           1           2   1.0264113052386448     
           2           3   1.5331661172852025     
           3           4   1.2874492793397256     
           2           5  0.11403468557539888     
           4           5   1.5966919783625482     
           2           6   1.2284978523573387     
           5           6   1.1971889693603659     
           1           7  0.97173421391587356     
           1           8  0.97173460917021914     
           1           9  0.98123623936307014     
           4          10  0.97166089192354788     
           5          11  0.97144922248081733     
           6          12  0.94654992257346038     
